6.00 12.00 2.00 7.00 1.50 3.00 6.00 7.50 4.00 5.00 0
6.00 21.00 4.00 14.00 1.00 3.50 6.50 9.00 4.50 6.00 0
4.00 8.00 5.00 11.00 1.00 2.00 5.00 6.00 3.00 4.00 0
7.00 16.00 4.00 7.00 3.00 4.50 5.50 7.00 5.50 6.50 0
5.00 12.00 2.00 5.00 1.50 2.50 6.00 8.50 4.50 6.00 0
5.00 15.00 4.00 10.00 2.00 4.00 5.00 6.50 4.00 5.50 0
4.00 11.00 3.00 7.00 0.40 1.00 5.00 7.50 4.00 5.50 1
5.00 10.00 3.00 6.00 1.00 2.00 5.50 8.00 3.50 5.00 0
2.50 4.00 3.00 5.00 4.00 7.00 4.00 5.00 3.00 3.50 0
2.50 6.00 1.50 3.50 1.00 1.50 7.00 8.00 5.00 6.00 0
4.00 15.00 4.00 15.00 1.50 2.50 5.00 6.50 3.50 4.00 0
3.50 8.00 4.00 10.00 1.00 2.00 4.00 10.00 1.00 2.00 0
7.00 14.00 8.00 14.00 1.50 2.50 4.00 6.00 3.00 4.50 1
8.00 20.00 9.00 19.00 3.00 5.00 5.00 6.50 4.00 5.00 0
2.50 4.00 2.50 4.50 4.00 7.00 4.50 5.00 3.00 3.50 0
5.00 15.00 6.00 15.00 2.50 3.50 7.00 9.00 6.00 6.50 0
8.00 12.00 6.00 12.00 1.50 2.00 6.50 8.00 4.50 5.00 0
7.00 19.00 8.00 15.00 2.00 3.50 4.00 6.00 3.50 4.50 1
2.00 6.00 3.00 7.00 0.40 0.80 4.50 5.50 3.00 3.50 0
6.00 12.00 6.00 12.00 1.50 2.00 5.50 6.50 3.50 4.00 0
7.00 12.00 5.00 12.00 2.00 3.00 7.00 9.00 5.00 5.50 0
6.00 14.00 6.00 12.00 1.00 2.00 4.00 6.00 3.50 4.50 0
6.00 13.00 6.00 12.00 1.50 2.50 5.50 6.50 4.00 4.50 0
5.00 17.00 4.00 14.00 1.00 3.50 5.00 6.00 4.00 5.50 1