5.4 18.5 7.4 21.9 6.9 21.3 2.7 16.3 -1.3 10.1 -8.4 0.2 -13.3 -5.1 -14.1 -4.6 -11.6 -0.4 -7.3 4.5 -2.5 9.5 1.7 14.5 54.2 61.7 26.8 42.1 21.9 33.2 23.4 32.4 0
5.2 16.8 9.7 20.9 9 19.9 4.5 13.9 -1.5 6.2 -8.1 -0.8 -18.3 -9.4 -23.3 -12.9 -21.9 -10.6 -15.4 -3.7 -6.6 3.3 -0.3 10.5 95.8 113.8 75.6 95.2 55.1 69 65.4 69.6 0
5.3 17.3 8.5 19.8 5.9 16.1 -0.4 7.8 -11.6 -4.8 -25.1 -16.8 -30.1 -21.3 -31.9 -23.2 -31.7 -22 -28.8 -17.5 -18.4 -7.1 -4.7 5 22.1 39.9 17.8 28 11.6 15.7 10.5 17 0
5.1 18.5 7.7 20.5 6.3 18.5 2 12.2 -3.1 4.3 -13 -5.8 -19.1 -10.6 -22 -13.3 -18.7 -8.6 -12.3 -0.8 -4.6 6.4 0.7 13.1 30.3 41.4 19.2 34.1 11.4 18.5 7 15.2 0
8.7 18.2 12.4 21.1 10.3 18.2 3.8 10.3 -4.4 1 -17.7 -9.9 -27.7 -19.7 -30.9 -22.7 -28.1 -18.6 -23.3 -11.2 -11 0.4 0.5 10.6 26.9 40.9 23.5 35 12.9 16.3 10.8 19.1 0
8.4 16.4 10.9 18.4 9.7 17.2 5.3 12.9 -1.8 4.7 -9.4 -2.7 -12.2 -5.3 -13.1 -5.9 -11.4 -3.4 -7.7 0.6 -1.9 6 3.8 12.4 29 62 28.2 68.6 19.8 28.4 17 18.5 0
9.7 21.2 11.4 22.4 8.4 19.1 2.3 12.7 -7.7 0 -20.9 -11.7 -26 -16.8 -28.1 -18.7 -25.8 -13.8 -18.7 -4.6 -6.4 5 3.3 15.2 34.8 49.8 20.3 24.1 10.2 21.6 8.1 15.5 0
10.4 19.2 13.1 21.4 11.3 18.5 6.4 12.3 1.5 5.9 -4.5 -0.2 -10.3 -4.1 -13.2 -6.2 -13.4 -5.9 -8.3 -0.3 -2.8 5.5 3.8 14 65.4 80.2 51.1 58.6 31.1 45.6 31.9 38.8 0
8.1 16.8 11 19.4 8.6 16.1 3.8 10 -2 2.6 -8.7 -3.5 -13.3 -6.9 -15.1 -8.5 -14.1 -8.1 -9.4 -2.8 -4.5 2.7 1.8 10.2 59.1 71.7 48.6 54.6 33.6 42.1 30.9 35.9 0
8.6 19.6 11.2 21.5 10.1 19.4 5.6 13.2 1.4 7.2 -3.2 1.5 -7.9 -1.9 -10 -3.6 -11 -3.6 -6.7 1.1 -1.8 7 3.6 15.2 58 75.4 49.9 60.6 25.5 39.8 31.2 35.5 0
6.1 12.5 8.7 15.3 7.8 13.9 4.4 9.3 0.7 4.7 -3 0.7 -5.4 -1.3 -6.5 -2.2 -6.5 -2.1 -5.1 -0.4 -2.2 2.7 2 7.5 59 82 102 131 87 106 48 72 0
7.3 23.3 11.5 24.7 9.1 22.4 1.8 16.1 -7.2 6.7 -18.5 -5.1 -26.1 -13.4 -28.9 -15.1 -27.6 -11.2 -17.6 -1.5 -6.8 8.3 0.5 17.2 57 110 5 41 2 5 4 26 0
2.3 9.7 7.8 14.4 6.9 13 1.4 6.8 -8.9 -3.5 -18.6 -11.7 -23.8 -16.1 -23.4 -15.4 -26.2 -18.7 -24.1 -16.6 -17.5 -10 -5.5 0.5 23 42 21 27 29 44 12 22 0
7.2 18.4 10.8 21.3 9.1 18 4.6 11.8 -0.7 4.1 -7.3 -2.2 -14 -6.9 -18.6 -10.6 -16 -8.6 -10.3 -1.9 -4.5 4.6 1.8 12 54 68 53 61 27 44 26 42 0
7.1 23.7 11.2 25 9 22.5 1.3 16.1 -8 6 -20 -6.7 -28.6 -16.1 -32.5 -17.9 -29.9 -12.1 -18.9 -1.6 -7.4 8.1 0.2 17 59 104 5 37 2 4 3 24 0
1.9 9 9.4 18.9 7 15.4 1.2 7.2 -12.2 -5.7 -25.8 -17.5 -29.3 -20.6 -33.4 -24.5 -31.8 -23.3 -27.3 -17 -20.8 -9.9 -10.2 -2.2 40 53 49 57 34 49 28 35 0
9.5 19.1 13.7 23 9.7 18.5 4.3 12.2 -4.3 1.8 -14.2 -7 -21 -12.5 -25 -16.4 -23 -14.3 -14.1 -4.2 -6 3.5 1.5 11.7 67 79 42 62 20 31 21 42 0
8.4 22.6 12 24.1 10 21.6 3.6 15.5 -3.5 6.9 -13 -3.3 -20.2 -11 -23.1 -13.5 -22.1 -9.8 -13.4 -0.6 -4 8.2 2.6 17.1 62 120 18 50 9 19 13 33 0
8.2 21.6 11.6 25 8.4 21.3 0.3 11.5 -13.4 -4 -33.8 -24.9 -42.5 -35.3 -44.5 -37.4 -40.9 -30.4 -29.3 -13.3 -13.3 0.6 0 12.6 37 39 16 29 7 12 6 18 0
10 22.4 13.1 24.5 10.5 21.3 4.6 14.7 -2.8 5.3 -11.4 -3.6 -17.8 -9.7 -20 -11.5 -19.5 -10.2 -11.1 -1.2 -3.4 7.1 3.8 15.8 59 81 38 41 13 26 15 48 0
9 21.1 12 23.5 9.3 20 4.7 13.3 -1.7 4.1 -9.3 -3.1 -16.2 -8.5 -20.9 -11.8 -18.7 -9 -11.8 -1.1 -2.6 7.5 3.6 16 53 79 36 56 22 34 21 43 0
4.5 10.9 8.8 14.3 9.2 14.9 4.6 10.1 -4.2 1 -13.5 -8.7 -17.4 -12.9 -19.5 -14.8 -18.2 -12.7 -15 -8.3 -8.3 -2.2 -1 4.6 53 72 45 81 14 27 11 46 0
5.6 13.9 9 17.2 7.8 14.7 4.3 9.5 -1.1 3 -7.6 -2.4 -12.2 -6 -14.5 -7.8 -14.1 -7.7 -9.7 -3.2 -4.6 1.7 0.7 7.3 54 66 42 53 22 37 19 30 0
3.6 12.6 9 18.6 6.9 14.7 2.8 9.1 -4.8 0.5 -13.5 -6.3 -18.5 -10.3 -23.9 -14.3 -21.7 -13.1 -16.6 -7.3 -12.4 -2.8 -3.8 3.5 39 61 38 50 21 31 22 30 0
3.2 10.7 6.8 13.9 7.4 14.2 3.1 10.9 -2.4 4.7 -11.4 -3.5 -18.1 -8.9 -22.6 -12.8 -21.6 -11.5 -18.6 -7.3 -10.6 -1.3 -1.6 5 45 66 58 63 11 27 12 25 0
4.8 10.6 8.5 13.8 9.7 15.1 6.6 12.4 1.8 7 -4.5 0 -8.4 -3.9 -10.8 -6.1 -10.5 -5.4 -8.1 -2.8 -3.5 1 0.6 5.6 63 97 95 139 70 86 54 66 0
8.8 18.4 11.6 20.6 10.3 18.2 5.6 12.5 0.8 5.9 -4.9 -0.4 -10.8 -4.8 -15 -8.3 -13.1 -6.8 -7.9 -1 -2.2 5.3 3.6 13.3 59 85 45 70 23 40 31 41 0
3.7 12.3 9.5 19.4 6.5 15.3 2 8.6 -7.9 -1.8 -20.2 -11.7 -25.6 -16.3 -29.7 -20.1 -28.2 -18.7 -21.3 -10.8 -15.2 -4.9 -5.6 2 49 69 28 50 18 24 19 32 0
8.7 19.9 12.1 22.9 9.2 19 4.4 12 -1.8 3.1 -9.2 -3.7 -15.7 -8.9 -20.8 -12.7 -17.6 -9.6 -10.5 -1.4 -3.4 6.3 3 14 59 73 46 58 24 38 25 41 0
5.7 18.8 9.7 23.8 7 19.2 0.8 10.3 -10.9 -3 -29.3 -20.1 -36.6 -26.9 -40.5 -31 -37.8 -26.8 -26.2 -10.4 -14.8 -0.1 -2.7 8.4 52 61 26 40 12 21 11 29 0
7.5 23.2 11.4 24.6 8.8 22.1 1.7 15.7 -6.7 6.2 -17.9 -6 -25.5 -14.7 -28.9 -17.8 -27.6 -14.2 -17.8 -3 -6.2 7.9 0.6 17.4 48 81 9 31 4 10 4 19 0
5 14 7 17 6 14 1 8 -5 2 -12 -5 -17 -8 -19 -10 -18 -8 -14 -4 -8 1 -1 7 49 86 42 49 25 34 26 34 0
8 19 10 21 9 19 5 14 1 9 -5 2 -11 -2 -14 -5 -13 -3 -8 2 -2 7 2 14 41 64 52 64 28 46 30 35 0
7.6 20.8 10.5 21.7 8.7 20.3 2.5 15.2 -4.9 7.6 -13.7 -2.8 -19 -8.7 -21.7 -11 -19.7 -7.4 -13.1 -0.7 -4.8 8.9 1.8 16.8 72.1 105.8 7.5 40.3 2 3.6 5.5 21 0
7.3 20.2 9.4 22.9 8.6 22.5 4 17.6 -1.4 12.1 -8.9 2.8 -13.4 -1.3 -15.1 -2.8 -12 -0.1 -7.8 4 -2.1 11.3 3.1 16.4 58.8 79.8 12.3 45.7 8.8 12.2 17.4 60.3 1
9.6 19.6 13.8 23.2 13.5 22.6 9.1 18 3.8 11.8 -1.1 5.7 -8.1 -0.1 -12.6 -3.3 -12.4 -3.3 -7.1 0.9 -1.4 6.7 4 14.1 85.8 93.2 95.4 10.8 85.5 123.1 87.8 97.7 1
8.2 21.6 10.9 25.6 10.2 25.4 5.1 19.6 -0.3 11.7 -5.5 2.3 -10.8 -3.1 -11.8 -3.2 -8.4 1.5 -3.8 7.1 0.2 12.8 4.6 17.7 31.6 52.8 18.4 37.5 21.2 33.9 21.3 43.2 1
7.7 20.5 9.5 22.2 8.3 21.7 3.3 16.9 -2.4 10.9 -11 -0.4 -16.7 -5.9 -19.1 -8 -16.3 -4.7 -9.9 1 -2.2 10.7 3.4 17.4 70.3 95.2 17.7 47.1 13 22.7 16 49.9 1
9.6 22.8 13 25.6 12.1 24.7 6.7 19.5 1.2 12.8 -3.5 5.6 -11.4 -1.1 -15.5 -4 -14.1 -2.3 -7.8 3 -1.1 9.7 4.7 17.5 87.1 89.8 94.5 13.2 79.2 109.6 87.4 102.7 1
8 20.2 9.6 22.1 8.3 21.4 3.7 16.4 -1.7 9.6 -11.4 -1.8 -17.9 -7.2 -20.5 -9.5 -17.1 -5.8 -10.4 0.6 -2 10.1 3.7 16.9 61.8 76.5 23.8 42.6 18.5 30.7 15.5 36.9 1
9.6 20.3 13.5 23.6 13.5 23.3 9.3 18.8 3.8 12.7 -0.7 6.9 -7.1 1.4 -10.7 -1.2 -10.2 -1.1 -5.8 3 -0.5 8.4 4.5 15 92.7 102.2 103.6 146 114.4 154.8 109.7 134.5 1
10.9 23.1 13.6 25.5 12.4 24.2 7.3 19 1.7 12.1 -3.6 4.5 -12.7 -3.6 -17 -7 -15 -4.6 -8.3 1.5 -0.1 10.7 6.2 18.8 96.8 99.7 89.4 100.2 62.4 99.1 71.3 86.9 1
12.7 23.8 15.4 26.5 14.1 24.9 9.1 19.5 3 12.5 -2.8 4.8 -11.1 -3 -15.3 -6.1 -13.3 -4.1 -7.1 2.2 0.6 10.8 7.7 19.1 85 90.6 79.4 85.3 58.9 81.5 72.4 79 1
7 19.5 8.8 22.1 7.9 21.7 3.8 16.4 -0.4 9.5 -6.3 0.6 -11.7 -4 -13.6 -5.5 -10 -0.8 -5.5 5 -1.1 11.4 3.2 16.5 51.1 72.7 51.5 57.9 31.4 52.4 32.2 50.9 1
10.6 22.2 13.4 25 12.4 23.4 7.2 17.7 1.7 10.7 -4.3 2.9 -13.4 -4.8 -17.6 -7.9 -16 -6.1 -9.4 0.1 -1.3 7.8 5.3 17.1 114.2 127.8 101.7 125.5 70.6 104.4 81.2 106.1 1
7.1 20.2 8.8 22.3 7.8 21.9 2.6 17.1 -3.2 11.4 -11.2 0.4 -17 -5.2 -19.1 -7.2 -16.2 -3.7 -10.1 1.9 -2.6 10.9 2.8 16.9 70.1 93.1 15.9 49.5 10.8 19 16.9 56 1
9.6 23.2 11.8 25.7 10.7 25.3 4.6 18.7 -2 11.5 -10.7 -0.2 -18.6 -7.9 -21.6 -10.7 -17.1 -6.7 -10.3 0.3 -2 10.9 4.6 18.8 43.2 75.1 12.9 32.6 11.6 16.4 19 52.8 1
8.4 19.5 11.7 22.4 11.6 22.2 7.7 17.7 2.7 11.9 -2.1 6 -9.7 0.3 -13.6 -2.7 -12.7 -1.9 -7.3 2.3 -1.2 8.3 4 14.8 89.6 101.5 117.4 133.7 94 149.4 104.2 117.9 1
9.4 22.6 11.4 24.9 10.2 24.4 4.4 18 -1.9 10.8 -10.9 -1.5 -19.4 -9.2 -22.3 -11.8 -18.2 -7.8 -10.9 -0.7 -1.9 10.6 4.5 18.4 38.8 61.1 13.3 30.7 10.3 15.9 14.7 49.4 1
5.9 15.9 10.5 20.3 11.1 19.9 7.7 15.9 3.3 10.5 -0.7 5.9 -5.5 1.2 -8.6 -0.9 -9.3 -1.5 -6.2 1.2 -2 5.2 1.5 10.7 89.4 108.1 130.9 161.9 125.2 150 100.9 130.8 1
10.4 22 13.3 24.8 12.3 23.1 7.2 17.3 1.5 10 -5.1 2 -13.9 -5.1 -18.6 -8.4 -16.6 -6.1 -10.4 -0.1 -2.2 8.5 5.3 17.2 76.6 90.5 76.5 101.3 50.6 68.6 64.9 77.5 1
7.6 18.9 12.3 23 12.6 22.7 8.5 18.3 3.8 12.2 -0.2 6.8 -5.8 1.6 -10 -1.3 -11.1 -1.9 -6.9 1.5 -1.9 6.1 2.6 12.9 86.8 93.1 113.4 149.7 132.1 167.5 102.9 138.9 1
7.3 20.6 11 24.2 10.1 23.1 4.9 17.1 -0.5 10.4 -7.7 1.7 -17 -6.1 -21.1 -8.6 -18.4 -5.6 -11.2 0.3 -3.3 9 2.5 16.4 85.7 89 55.6 88 24.9 37.5 41.5 66.5 1
14.8 23.5 17.9 26.4 17.3 25.3 13.2 20.7 7.3 13.8 2.2 7.4 -3.7 1.8 -7.3 -1.1 -6.3 -0.2 -2 4.6 3.8 11.3 9.9 18.5 67.5 79.6 64.7 83.4 50.5 71 66.1 73.3 1
14.7 25.4 17.4 27.9 16.6 26.6 12.3 22.5 6.2 15.6 0.9 8.3 -4.8 1.9 -8.1 -0.9 -7 0.6 -2.4 6.4 3 13.4 9.3 20.5 79.7 89.8 64.9 96.2 57.3 74.7 75 85.1 1
10.7 23.3 13.3 25.8 11.9 25 6 18.6 -0.3 10.8 -9.6 -0.9 -19.1 -9.7 -22.8 -12.7 -18.7 -8.5 -11 -1.1 -2.4 10.3 4.8 19.2 70.6 89.5 25 52.3 14.9 19.7 21.5 58.8 1
13.9 25.8 16.4 27.9 15.6 26.9 12.1 23.2 5.9 16.7 1.2 9.8 -4.7 3.2 -8.4 0.3 -7.3 2.2 -1.9 8.5 3.3 15.1 9 20.9 80.8 103.6 59.7 84.3 54.9 74.9 80.3 94.7 1
12.6 26.1 15.3 28.9 14.3 27.4 9.7 22.9 3.7 16.6 -0.7 9.3 -7.7 1.6 -11.7 -1 -10.1 0.7 -4.2 6.7 1.7 14.2 7.4 20.9 80.8 91.9 71.9 82 57.7 74.4 74.4 86.6 1
14.9 26.7 17.6 29.2 16.7 27.9 12.3 23.9 5.8 17.7 1.2 11 -4.2 4 -7.3 1.3 -6.2 3.2 -1.2 9.3 3.8 15.8 9.6 21.8 95.3 108.7 74.7 99.8 74.9 88.6 83.3 106.7 1
10.9 25.1 13.6 29.1 12.2 28.2 6.2 21.6 0.3 14.8 -7.9 4.1 -15.9 -4.2 -18.7 -6.6 -14.9 -3.1 -7.9 3.6 -0.6 12.7 5.7 19.9 43.7 69.1 12.4 37.8 10.9 13 19.6 55.4 1
15.1 24.6 18.4 27.7 17.8 26.6 13.8 22.7 8.3 17.1 3.5 11.2 -2.9 4.7 -5.8 2.1 -5 3.1 -0.4 7.7 4.6 13.3 9.9 19.2 72.1 82.3 77.7 107.2 91.2 101.9 82.6 93.7 1
13.6 24.1 16.6 26.8 15.6 25.5 11.7 21.6 5.9 15.2 1.1 8.4 -5.1 1.8 -8.3 -1 -8.1 -0.2 -3.4 5.4 2.3 12.3 8.3 18.9 78.2 105.9 78.5 97.3 58.7 93.2 68.1 79.8 1
12.6 24.3 15.4 27.3 14.4 25.5 9.3 20.6 3.7 13.9 -1.3 6.7 -9.2 -0.9 -13.6 -3.8 -12.8 -2.5 -5.6 4.1 1.2 12 7.4 19.6 88.1 103.1 73.2 83.8 41.4 61.5 56.6 79.2 1
9.5 22.2 12.5 24.7 11.2 23.1 6.2 17.8 1.3 11.1 -4.6 3.1 -14.7 -4.4 -18.7 -7 -17.4 -5 -9.5 1.3 -1.7 8.2 4.5 16.5 73.9 103.4 78.7 90.2 48.8 81.8 61.7 78 1
14.2 26.4 17 28.7 16.4 27.7 12.2 23.8 5.7 17.4 -0.2 9.1 -7.2 1.1 -10.6 -1.7 -8.2 0.8 -1.9 7.7 3.7 14.8 8.7 21.2 93 107.2 61.2 97 34.5 62.7 68.3 92.5 1
13.8 25.7 16.3 28 15.7 26.9 12.3 23.1 6.4 16.7 1.7 10 -4.2 3 -8 -0.1 -7.1 1.7 -2.1 7.9 2.9 14.4 8.5 20.3 86.4 94 64.5 87.4 51.8 78.5 73.9 88.6 1
11 25.5 13.9 28.3 13.1 27.1 8.1 22.3 1.7 15.8 -2.4 8.7 -8.8 2 -12.4 -0.8 -10.8 1.2 -5.2 6.6 0.1 13.8 5.8 20.9 78.7 85.6 80.3 90.7 59.9 75.4 77.2 84.6 1
15.1 27.6 17.4 29.4 16.3 28.3 12.8 24.7 6.4 18.1 1.3 10.7 -4.4 3.9 -7.8 1.2 -6.2 3.3 -0.6 10 4.7 16.6 10.6 22.5 81.3 97 63 78 54.1 74.4 86.9 98.6 1
16.2 27.9 19.2 30.4 17.6 29 12.5 24.2 5.9 17.9 -1.2 8.9 -8.8 0.3 -11.8 -2.2 -9.1 0.9 -2.4 8.3 4.4 16.6 10.8 22.8 96 113.3 45.5 89.7 24.4 33.5 59.2 93 1
13.5 26.1 16.3 28.5 15.3 27.4 11.4 23.3 4.9 16.4 0.1 8.9 -5.9 1.8 -9.1 -0.9 -8 0.7 -2.8 6.9 2.7 14.3 8.4 20.9 80.8 91.7 53.3 73.4 44.2 71.6 64.8 74.9 1
9.2 21.7 12.8 25.1 11.8 23.3 6.9 17.7 1.7 11.3 -5.8 1.8 -15.1 -6.3 -19 -8.8 -16.2 -5.7 -9.1 0.5 -1.7 9 4.2 16.6 91.7 101.3 45.7 97.5 20.3 31.5 48.5 77 1
11.1 25.3 13.8 26.9 13.4 26.3 9.9 23.1 2.9 17.6 -1.3 11.6 -5.9 5.9 -8.8 3.3 -7.6 5.2 -2.7 11.2 1.6 16.4 6.7 21.6 110.5 115.1 78.2 95.5 76.2 88.4 97 104.6 1
14.2 24.1 17 26.6 16.6 25.8 13.3 22.3 7.6 16.1 2.8 9.7 -3.8 3.2 -7.7 0.3 -7.8 0.9 -2.2 6.4 3.2 12.5 8.8 18.8 87.1 103.9 95.8 111.5 56.4 91.2 76.2 87.4 1
12 25.2 14.9 28.6 13.6 27.4 7.7 20.8 1.4 13.7 -7 2.7 -16.1 -6.6 -19.8 -9.2 -16.3 -6.1 -8.2 1.4 0.1 12.1 6.6 20.3 61.7 71.6 18.5 50.5 11.4 17 26.9 62.2 1
12.6 24.9 15.4 27.5 14.4 26.2 10.6 22 4.7 15.4 0.1 8.1 -6.3 1 -9.9 -1.8 -9.1 -0.4 -3.6 5.7 2.2 13.3 7.6 20 68.8 88.6 55.4 90.4 32.5 53.6 54.9 67.3 1
15.2 27.2 17.3 29.2 16.1 27.9 12.3 24.2 5.8 17.3 0.8 9.5 -5.8 1.9 -9.3 -0.9 -7.9 1.1 -1.8 7.9 3.6 15.4 9.5 21.8 85.6 91.2 63.2 70.9 47.5 73.4 73.7 87.4 1
12.9 25.9 15.8 28.2 14.7 26.9 9.9 22.2 3.9 15.4 -1 7.7 -6.3 0.8 -9.6 -1.7 -9 -0.2 -3.7 6 1.9 13.7 7.6 20.7 81 93.5 71.4 107.7 36.1 72.4 66.8 85.6 1
11.9 24.2 14.9 26.9 13.8 25.3 9.3 20.6 3.6 14.1 -2.9 5.6 -10.8 -2.4 -14.6 -5.1 -12.5 -2.7 -5.9 3.6 1.1 12.2 6.5 19.6 78.7 88.9 54.9 88.1 26.2 38.9 52.1 71.6 1
16.1 28.2 18.4 29.7 17.1 28.7 13.1 25.3 6.4 18.8 1.2 11.1 -4.9 3.6 -8.2 0.9 -6.2 3.5 -0.1 10.5 5.3 17.4 10.9 23.2 88.6 113.5 66.8 82 58.9 84.8 94 101.6 1
17.3 28.5 20.1 31.5 18.7 30.2 13.8 25.6 7.6 19.7 0.9 11.4 -5.6 3.8 -8.5 1.5 -5.7 4.8 0.3 11.6 6.6 18.4 12.2 23.5 101.9 119.9 48.8 123.4 27.7 40.1 63.8 128 1
12.4 25.6 14.7 27.8 13.9 26.5 9.4 22.2 3.7 15.4 -1.1 7.8 -6.8 1.2 -10.1 -1.4 -9.2 0.3 -4.3 6.4 1.4 13.7 7.1 20.8 68.1 91.4 58.2 88.4 36.8 55.1 59.2 78.5 1
15.7 29.3 19.1 32.2 17.4 30.4 11.8 25.1 4.7 19.3 -2.6 10.1 -9.2 2.1 -12.2 0.2 -9.4 3.3 -2.9 10.2 3.8 18 10 23.4 81.3 98.8 32.3 88.4 13.7 22.4 53.1 99.1 1
12.3 25.7 15.3 28 13.8 26.4 9 21.9 3.2 15.5 -2.9 6.7 -10.3 -1.2 -13.8 -4 -11.6 -1.1 -5 5.3 1.2 13.7 6.8 20.5 86.1 102.6 53.1 85.6 27.2 46.7 55.1 79.8 1
12.8 23.8 16.7 26.6 16 25.4 11.6 21.4 5.4 14.8 -0.7 7.1 -8.1 -0.4 -11.3 -3.3 -8.9 -1.1 -3.2 4.7 2.1 11.6 7.1 17.9 82.3 89.7 61.2 85.9 36.8 59.2 67.8 88.9 1
14.2 26 17.3 28.9 15.7 27.1 10.2 21.5 3.8 14.9 -3.8 5 -12.1 -3.6 -16.2 -6.3 -12.7 -3 -5.2 4 2.3 13.6 8.7 20.8 89.7 102.9 39.4 69.1 22.4 27.4 49.3 86.1 1
12.3 27.6 15.6 31 14.2 30 7.9 24.8 0.8 18.7 -5.9 9.7 -11.6 2.9 -13 1.4 -9.8 4.9 -5 9.9 1.1 16.9 7 22.1 44.2 85.6 16.8 40.9 9.1 11.9 30.5 87.1 1
15.8 28.7 18.8 31.1 17.2 29.6 12 24.7 5.1 18.7 -1.8 9.6 -9.1 1.4 -11.7 -0.4 -8.5 2.8 -2.4 9.7 4.4 17.7 10.5 23.3 82.3 98.3 37.8 94.5 18.8 25.9 51.8 114.8 1
15.9 27.9 18.6 29.8 17.3 28.4 12.9 24.9 6.2 18.2 0.3 9.9 -7.1 1.4 -10.4 -1.2 -7.9 1.6 -1.2 8.9 4.9 16.7 10.5 22.7 78.7 106.7 67.3 98.3 36.1 62 73.9 95.8 1
13.8 26.1 16.4 28.1 15.7 27.1 11.9 23.5 5.7 16.9 1.2 10.2 -4.2 3.7 -7.5 0.9 -6.5 2.7 -1.2 9.4 3.8 15.7 9.1 21.4 81.5 95.3 59.9 75.4 60.7 74.2 80 91.2 1
11.2 22.6 14.6 26 13.9 25.2 9.4 20.7 3.5 14.8 -0.9 8.3 -7.9 1.7 -11.4 -0.9 -10.3 0.6 -4.2 5.2 1.2 11.3 6.3 17.3 72.9 87.4 78.5 131.3 84.6 115.6 91.9 103.6 1
13.8 24.9 17.3 27.8 16.6 27.1 12.1 23.5 6.1 17.8 1.6 11.7 -4.2 5.1 -7.2 2.6 -6.2 3.5 -1.8 7.8 3.2 13.9 8.5 19.6 80.8 92.2 88.4 112.5 91.7 111.3 95.5 104.4 1
12.4 24.3 15.3 27.1 14.3 25.6 10.9 22.1 5.3 15.8 0.7 8.8 -5.3 2.1 -8.7 -0.6 -8.6 0.3 -3.5 5.9 2.2 13.3 7.9 19.9 68.8 86.4 62 75.4 52.8 69.3 57.9 69.1 1
14.1 26.8 16.9 28.8 15.7 27.4 11.1 23.4 4.8 16.8 -1.4 7.9 -8.8 -0.1 -12.3 -3 -9.9 -0.2 -3.3 6.6 2.7 14.7 8.6 21.6 104.6 114.8 65.3 96.5 29 52.1 62.5 93 1
7.5 21.4 10.7 24.6 10.7 23.2 6.8 18.8 2.3 12.4 -3.4 4.4 -11.2 -3.2 -15.2 -6.1 -15.1 -4.9 -9.3 0.4 -2 8.9 3.6 17 68.8 91.7 82 93.7 44.2 73.2 58.4 68.8 1
15.3 27.8 18.2 30.3 16.7 28.6 11.1 23.8 4.2 17.8 -3.1 8 -10.7 -0.6 -13.5 -2.4 -10.1 0.7 -3.5 7.7 3.5 16.8 10 22.9 75.4 94.2 27.4 73.2 14 19.8 49.8 93.2 1
13.4 26.9 16.8 30.2 15.2 28.5 9.3 22.8 2.2 16.2 -5.2 6.3 -13 -2.2 -15.9 -4.3 -12.4 -1.3 -5.2 5.7 1.6 15 7.7 21.5 68.1 86.4 27.7 76.7 13 17.8 41.7 77 1
14.8 26.4 17.2 28.3 16.2 27.1 12.1 23.4 6 16.8 0.8 9.2 -5.4 1.9 -8.8 -0.9 -7.4 1.2 -1.6 7.6 3.7 14.8 9.3 21.1 93.2 104.4 78.2 91.9 48.3 83.8 78.7 97 1
9.6 23.7 12.4 28.4 12.4 28.1 7.7 22.2 2.2 14.8 -1.8 5.2 -5.7 1 -6.2 0.7 -3.4 4.8 -1.3 8.7 1.5 13.9 5.5 18.8 17 32 18.5 54.6 37.8 61.5 30 37.8 1
16.6 28.8 18.9 30.5 17.4 29 13.3 25.9 6.9 19.3 1.1 10.9 -5.6 2.9 -8.9 0.3 -6.6 2.9 -0.2 10 5.8 17.7 11.3 23.7 83.6 89.4 64.3 84.6 38.4 69.3 82.3 91.9 1
12.1 24.8 15 27.6 14.3 26.1 10.8 22 5.1 15.7 0.6 8.9 -6.1 1.9 -9.9 -0.8 -9.2 0.3 -3.8 5.9 1.9 13.3 7.8 20.2 89.2 96.8 82.3 96.3 54.6 81.3 70.4 84.6 1
13.3 26.6 15.9 28.6 14.7 27.4 10.8 23.6 4.4 16.9 -0.3 9.2 -6.4 1.8 -9.5 -1 -8.3 0.8 -2.9 7.5 2.4 14.9 8.2 21.4 82.6 95.3 53.3 72.4 43.9 74.4 67.6 75.2 1
17.2 29 19.8 31.8 18.3 30.8 13.2 26.5 6.4 20.6 0 12.2 -6.1 4.7 -8.7 2.8 -5.7 5.9 0.1 12.8 6 19.4 11.8 24.3 91.2 140.7 49 96.8 24.1 36.3 62.5 113 1
13.8 25.3 16.4 27.7 15.6 26.5 11.6 22.4 5.6 16.1 1.1 9.3 -4.8 2.6 -8.1 -0.1 -7.2 1.4 -2.1 7.5 3.4 14.3 9.1 20.7 84.3 101.1 70.9 84.1 53.3 63.8 64.8 92.7 1
12.7 25.2 15.1 27.4 14.4 26.4 10.9 22.6 5.3 16.1 0.9 9.1 -5.1 2.2 -8.7 -0.7 -7.8 1.1 -2.6 7.4 2.7 14.3 7.9 20.4 84.3 103.4 66.5 88.4 51.6 74.4 77.7 89.4 1
8 25.8 11 29.3 11 29.3 7 24.4 1 19.8 -6 13.1 -10 9 -13 7.1 -12 8.4 -8 11.7 -1 17.1 4 21.8 30 68 40 55 27 32 60 96 1
5 16.2 9 18.9 10 19.5 5 16.9 0 12.4 -7 5.5 -11 -0.1 -13 -2.8 -13 -2.1 -12 1.4 -6 7.1 1 12.4 33 78 25 49 16 23 33 87 1
4 21 7 23.3 7 23.8 2 20.5 -3 16.5 -10 9.4 -16 4.3 -18 1.5 -17 2.8 -13 7 -5 13.5 0 18.4 43 95 32 47 18 25 36 96 1
11.1 21.3 12.6 22.3 11.7 21.7 7.8 16.5 3.3 9.9 -1.3 3.1 -6.2 -1.5 -9.8 -4.2 -8.9 -2.5 -4.8 2.4 1.8 10.9 7.6 18.4 72 88 49 60 34 53 42 62 1
9.8 19.2 12 21 11.5 19.8 7.4 14.7 3.5 9.3 -1.3 3.3 -5.2 -0.1 -7.5 -2.1 -8.2 -2.3 -4.9 1.6 0 8 4.9 14.6 56.9 82.2 67.2 74 32.4 56.6 32 37.9 1
9.3 19.8 11.8 21.8 10.7 19.9 6.1 14 2.2 8.1 -2.4 2.5 -6.6 -0.8 -8.5 -2.6 -9.3 -2.9 -5.6 1.1 -0.7 7.5 4.4 15.5 49.2 77.7 69.2 74.5 34 57 35.1 35.7 1
9.6 19.9 12.2 21.7 11.2 20.1 6.7 14.3 2.7 8.5 -1.8 3.1 -5.8 -0.3 -7.5 -1.9 -8.5 -2.2 -5 1.7 -0.6 7.9 4.5 15.4 51.9 78.7 68.1 74.4 39.7 66.3 35.2 43 1
12.3 24.5 13.6 26.5 13 25.9 9.5 22 4.5 15.8 0.7 7.4 -3.7 1.9 -6.3 0 -3.9 3.7 -0.6 10.1 4.3 16.7 9 21.6 60 83 34 43 27 36 32 65 1
15.2 26.5 17.6 29.7 16.3 28.8 11 23.4 4.6 15.9 -3.3 6.2 -8.8 0.4 -11.1 -1.3 -9.5 0.2 -2.4 7.1 5.6 16.5 10.9 21.7 27 58 28 59 33 38 62 109 1
11.2 25.3 13.4 27 10.9 24.3 5.1 18.6 -2.1 8.5 -11.2 -3 -18.9 -9.7 -22 -12.6 -21.8 -11.3 -15.6 -5 -2.4 9.3 5.8 19.6 33 53 21 30 15 20 15 33 1
10.1 21.5 11.8 22.5 10.9 21.6 7.2 16.3 2.9 9.8 -1.4 3.3 -6.1 -1 -9.7 -3.6 -9.9 -2.6 -6.5 2.1 0.6 10.3 6.1 17.9 74 79 51 69 28 43 32 52 1
10.5 17.6 13.6 20.2 13.5 20.1 10.1 16.3 5.7 11 1.4 5.6 -2.4 2 -5.1 -0.5 -5.4 -0.6 -2.9 2.5 1.6 8.1 6.2 14.2 48 80 77 79 38 68 35 42 1
10 20.1 12.3 21.7 11.8 21 8 16.3 4 10.4 -0.5 3.9 -4.4 0.3 -7.8 -2.3 -7.6 -1.7 -4.7 2.7 1 9.8 5.9 16.2 63 85 57 75 27 46 28 44 1
10 16.9 13.2 19.8 12.7 19.7 9.6 15.8 5.4 10.7 1.1 5.4 -2.5 1.9 -5.4 -0.6 -5.5 -0.7 -3.1 2.2 1.1 7.4 5.6 13.2 47 77 74 77 38 66 37 42 1
10.9 21 12.4 22.2 11.8 21.9 8.1 16.7 4 10.8 -0.5 4 -4.9 0 -8.5 -2.6 -7.6 -1.4 -3.6 3.5 1.8 10.7 7.3 17.9 69 80 45 56 31 47 35 55 1
10.8 21.1 11.9 22.2 11.2 21.6 7.7 16.5 3.9 10.5 -0.4 4 -5.3 -0.6 -8 -3 -7.7 -1.9 -3.9 2.9 1.7 10.5 6.9 17.7 63 74 47 57 26 44 32 54 1
10.5 20.7 12.3 21.7 11.7 21.2 8.1 16.3 4.1 10.5 -0.3 4 -5 -0.2 -7.9 -2.6 -7.7 -1.7 -4.2 2.8 1.2 10.1 6.7 17.3 60 77 53 60 24 44 32 47 1
10.8 21.1 12.3 22.1 11.5 21.6 7.7 16.4 3.4 10.2 -0.9 3.5 -5.2 -0.5 -8.7 -3.5 -7.6 -1.7 -3.8 3.3 1.6 10.7 7.5 18.2 72 78 53 65 38 55 39 62 1
10.6 20.4 12.2 21.5 11.3 20.1 7.5 15.1 3.8 9.3 -1.5 3.2 -5.6 -0.5 -6.8 -1.8 -6.8 -0.9 -3.3 3.5 0.8 9.1 6.5 15.8 65 89 73 90 36 55 41 53 1
8.8 17.3 10.3 18.4 9.8 17.8 6.6 13.6 3.3 9.1 -2 3.7 -4.8 1.5 -6.5 0.1 -5.7 1 -3 4.1 0.3 7.8 5 14.1 68 94 71 113 52 84 49 54 1
9.8 20.4 11.4 21.9 10.8 21.9 7.2 16.3 3.2 10.4 -0.9 3.5 -4.5 -0.1 -6.6 -1.7 -6.3 -0.7 -3.3 3.9 1.6 11 6.4 17.7 64 83 46 53 25 43 35 49 1
10.8 22 12.4 23.8 12 23.9 8.8 19.1 4.6 13.8 0.2 7 -2.4 3.6 -7.5 -1.2 -6.6 0.3 -0.3 8.6 2.8 13.6 7.4 19.4 64 91 37 51 23 34 30 57 1
13.1 24.9 14.5 26.2 13.5 26 9.5 21.8 4.3 15.2 0.3 7.6 -4 2.1 -7.5 -0.5 -5.4 1.3 -1.6 7 4.5 15.9 9.9 22 49 86 22 43 28 31 28 55 1
14.4 24.9 16 26.3 15.4 26.3 11.2 22 6 15.3 1.6 7.9 -2.8 2.6 -6 0 -4.3 1.6 -0.6 7 5.7 15.7 11.1 21.7 45 76 27 46 38 40 35 51 1
10.1 19 11.8 21.1 11.9 21.2 9 18 4.7 12.9 -0.1 7.4 -4.5 1.9 -6.4 0.3 -4.6 2.3 -1.6 6.3 2.7 11.4 7.3 16.1 78.3 110 66.6 85.4 60.8 75 64 100 1
16.3 26.5 18.1 28.7 16.8 27.9 11.9 22.5 5.8 14.6 1.4 7.5 -2.9 2.5 -7.2 -0.9 -6.4 0.3 -1.3 6.2 6.4 16.3 12.3 22.8 37 67 30 46 37 61 31 53 1
11.7 24.5 14.1 26.2 11.3 23.3 5.7 17.7 -1.3 7.7 -10.7 -2.7 -18.3 -9.5 -20.3 -11.1 -19.9 -9.5 -12.3 -1.8 -1.7 8.9 5.8 18.9 43 64 28 44 18 28 17 40 1
12.6 23.6 14.3 25.1 13.3 24.3 8.4 18.6 3.1 11 -2.5 2.7 -6.9 -1.8 -11.1 -4.8 -9.6 -3.3 -4.9 1.9 3.2 12.6 9.4 20.7 53 72 40 52 40 52 36 48 1
9.5 23.5 14.1 26.1 12.4 24 4.9 18.1 -4.3 8.5 -16.9 -5.1 -26.6 -15.2 -29.4 -16.6 -26.4 -10.9 -16.5 -1.2 -3.4 9.5 3 18.2 108 154 19 88 5 11 13 61 1
12.9 25 16.5 26.8 14.4 24.5 7.1 18.3 -2.3 8.6 -15.1 -5.4 -25.2 -15.5 -27.8 -17.1 -24 -11.5 -13.4 -1.4 -2.2 10.2 5.7 18.9 90 134 14 71 5 10 12 47 1
11.6 21.7 13 22.7 11.9 21.8 7.6 16.7 2.3 9.2 -3 1.7 -8.1 -2.9 -11.9 -5.7 -11 -4.1 -5.4 1.3 2.2 10.9 8.4 18.9 69 89 46 55 27 51 36 53 1
11.9 22.2 14.4 24.2 12.4 22 7.2 15.5 0.8 6.6 -5.8 -1.2 -12.2 -6.2 -16.4 -9.4 -14.1 -7.4 -8.5 -1.5 0.4 8.5 7.7 18.4 64 71 43 54 24 34 24 40 1
11.5 22.8 14.2 24.5 11.4 21.5 6.4 15.9 -1 6.4 -9.3 -1.9 -16.9 -8.2 -20.5 -10.8 -19.3 -8.1 -12.2 -0.6 -0.8 10.2 6.2 18.4 54 86 27 39 15 23 15 43 1
10.9 22 13.8 24 11 20.7 5.9 14.3 -1.3 5 -8.4 -2.5 -14.5 -8.3 -18.1 -11 -16.2 -7.8 -8.4 0.6 -0.2 9.9 5.5 16.9 66 81 31 53 19 23 16 44 1
15.7 28.1 18.3 30.9 16.7 29.6 11.7 23.5 4.6 14.3 0.2 6.3 -4.4 0.5 -8.8 -2.9 -8.4 -2 -2.8 4.7 5.1 16.4 11.2 23.6 31 50 23 29 18 29 17 37 1
12.9 23.5 16.9 26.4 15.7 24.2 9 18.4 0.4 9.3 -11.1 -3.5 -21.1 -14.1 -24.3 -16.9 -21.2 -12.4 -11.7 -2.3 -0.2 9.7 6.7 17.9 82 154 23 89 11 18 17 58 1
9.9 21.9 12.5 23.7 10.6 22 5.9 15.1 0.8 7.3 -5.5 -0.4 -11.8 -5.3 -15.9 -8.2 -14.5 -5.7 -8.6 0.3 0 9.6 5.9 18.2 65 92 52 55 31 44 29 49 1
10.9 22.4 13.6 24.6 11 21.6 6 14.9 -0.8 5.3 -7.6 -2.3 -14.2 -7.7 -18.2 -10.8 -16.4 -8.4 -9.8 -1.4 -0.7 8.3 6.1 18.1 50 67 45 54 25 38 27 38 1
10.1 21.4 12.5 23.3 10.7 21.5 5.9 14.9 0.9 7.2 -5.2 -0.2 -11.6 -5.2 -15.8 -8.2 -14.2 -5.8 -8.6 0.1 0 9 6.2 17.8 64 84 46 55 27 43 26 52 1
10.3 22.6 12.8 24.5 10.6 22.4 6 15.6 0 6.3 -6.3 -1.2 -12.5 -5.9 -17.9 -9.9 -16.6 -7.5 -10.1 -0.6 -0.3 9.4 6 18.4 60 82 46 54 25 37 24 40 1
6.8 17.4 11.7 21 13 22.1 7.8 18.6 1.6 11.8 -6.6 3 -14 -3.4 -19.1 -8.7 -19 -7.1 -12.2 -0.3 -2 6.8 2.4 13 54 105 81 107 44 63 42 70 1
10.9 20.6 12.8 21.8 12.3 21.6 9.1 17.3 5.3 12 1.2 5.7 -3.1 1.6 -5.8 -0.7 -5.2 0.3 -2.1 4.7 2.2 10.9 7 17.2 71 90 79 91 40 73 37 53 1
10.1 21.5 12 23 10.7 21.9 6.1 15.7 1.8 9 -4.5 0.7 -9.5 -3.7 -13.5 -6.6 -12.9 -5 -7.4 0.4 1 10.3 6.7 18.7 71 80 50 55 33 55 35 43 1
12.3 22.7 14.8 24.8 12.7 22.7 7.5 15.9 0.9 6.7 -5.7 -1 -12.4 -6.3 -16.4 -9.3 -15 -7.9 -8.6 -1.4 0.8 9 8 18.9 69 73 44 52 28 38 27 37 1
9.8 23.2 12.2 25.4 9.8 22.2 4.3 16.2 -2.6 5.7 -12.4 -4.4 -20 -10.8 -22.8 -13.3 -21.9 -10.7 -14.2 -2.9 -3.6 7.1 3.5 16.9 62 66 34 40 20 27 17 44 1
11.1 21.1 13.9 23.2 11.3 20.4 6.1 13.4 -0.6 4.5 -7.1 -2.5 -13.3 -7.6 -17.5 -10.8 -14.9 -8.3 -8.5 -1.2 -0.5 7.9 6.4 16.4 68 107 45 87 23 44 24 45 1
11 21.2 13.4 23.1 11.5 21 6.5 14.5 0.9 6.7 -5.3 -0.7 -11.3 -5.5 -15.4 -8.6 -13.4 -6.2 -7.6 0 0.2 8.9 6.9 17.4 64 82 53 62 30 51 28 43 1
11.4 23.8 14.1 25.7 10.8 22.4 5.7 16.8 -1.5 6.6 -10 -2.8 -17.5 -9.3 -21.4 -12.6 -20.2 -10.3 -12.1 -2 -0.6 10.3 5.9 18.9 54 55 27 37 13 21 14 33 1
12.4 22.5 13.9 23.7 12.9 23.1 8.2 17.3 2.6 9.7 -2.8 2 -7.7 -2.6 -11.8 -5.7 -10.9 -4.5 -5.4 0.8 2.8 11.6 9.1 19.4 55 76 43 52 33 55 37 52 1
12.4 23.5 14.2 24.8 12.7 23.7 7.7 17.6 2 9.4 -3.5 1.6 -8.9 -3.3 -12.9 -6.5 -12.6 -5.5 -6.3 0.4 2.6 11.9 8.8 20.2 54 71 43 51 30 50 31 49 1
11.5 21.7 13.5 23.1 12 21.5 7.1 15.4 2.1 8.2 -3.3 1.1 -8.6 -3.5 -12.3 -6.3 -11.1 -4.2 -5.6 1.5 1.7 10.4 7.6 18.4 75 94 58 65 36 56 34 51 1
14.1 24.7 16.7 27.1 15.8 26.3 11.7 21.9 5.4 14.5 1 8.3 -3.7 3.1 -7.1 0.2 -6 1 -1.3 6.6 5.4 16 10.6 20.9 61 100 29 55 22 26 38 99 1
13.3 26.1 16 28.9 15 28 10.6 23.3 4.5 15.9 0.6 9.2 -4 3.3 -7.8 0.3 -6.3 1.7 -1.7 7.7 4.9 16.9 9.7 22.3 65 90 35 44 19 33 31 69 1
12 21.8 14.4 23.6 12.5 21.6 7.4 15.1 1.2 6.9 -4.9 -0.5 -10.8 -5.4 -14.5 -8.3 -12.6 -6.1 -6.8 -0.1 1.6 9.9 8.2 18.1 64 76 56 59 33 50 28 52 1
10.3 20.8 12.3 22.3 10.7 20.5 6.5 14.7 2.1 8.2 -3.2 1.2 -9.2 -3.3 -12.2 -5.6 -12 -4.7 -7.3 0.4 -0.1 8.4 6.7 17 62 71 49 60 22 36 29 37 1
12.3 24 14.7 25.7 11.7 22.2 6.4 16.6 0 6.8 -9.1 -2.9 -16.4 -8.9 -20.1 -12.2 -19.1 -10.3 -11.8 -2.6 -1.7 8.1 5.6 17.5 39 67 29 37 13 20 13 36 1
11.5 24 13.9 25.5 10.9 21.9 5.6 16.4 -2 6.1 -11.2 -3.8 -18.6 -10.2 -21.8 -13.1 -21.3 -11.8 -13 -3.4 -1.3 8.8 5.4 18.2 54 59 29 34 14 22 14 34 1
14.5 26.3 17.2 29 16.3 28.2 11.9 23.5 5.3 15.9 0.8 9.1 -4 3.6 -7.3 0.9 -6.1 2.1 -1.1 8 5.2 17.1 10.7 22.5 56 83 26 42 20 23 27 75 1
11.5 21.9 13 23.3 11.7 22.1 7.1 16.7 2.1 9.3 -3.3 1.5 -8.5 -3 -12 -5.8 -11 -4.5 -6.3 0.4 1.8 10.7 7.8 18.5 63 81 42 52 29 51 34 51 1
13.1 26.6 15.6 28.8 13.2 26.8 7.8 20.4 0.5 9.3 -6 0.1 -13.2 -6 -17.9 -9.8 -17.7 -8.7 -9.8 -1.5 1.5 12.7 8.5 22.6 33 40 34 38 21 32 22 29 1
12.5 24.4 14.2 25.7 11.9 23.7 7.1 17.6 1.3 8.9 -4.4 0.4 -10.4 -4.3 -13.9 -6.9 -13.5 -5.8 -7.1 0.3 1.7 11.9 8.1 21.2 56 67 49 53 29 45 32 41 1
10 21.6 13 23.9 10.4 20.3 5.8 13.7 -1 4.4 -8.3 -2.8 -14.7 -8.1 -18.7 -11.2 -16.3 -8.3 -9.2 -0.6 -1.2 8.3 5 16.5 67 75 49 68 27 41 27 53 1
10.4 21.2 12.1 22.3 11 20.8 6.7 15.4 2.5 9 -2.3 2.3 -7.7 -2.2 -11 -4.8 -10.5 -3.5 -6.1 1.6 0.4 9.6 6.4 17.5 68 81 53 64 29 47 32 46 1
11.8 22.9 13.9 24.2 12.3 23 7.4 16.4 1.8 8.7 -4 0.8 -9.9 -4.1 -13.7 -7 -12.6 -5.4 -7.1 -0.1 2 10.7 8.3 19.5 60 83 45 48 26 41 26 42 1
15.7 26.9 17.5 29.2 16.5 28.4 11.5 22.8 5.2 14.1 1.3 7.1 -3.3 1.9 -7.4 -1.3 -6.6 -0.2 -1.7 5.7 6.2 16.3 12.1 23.1 37 59 33 54 43 75 37 54 1
13.6 24.1 15.9 26.1 13.9 24.2 8.7 18.1 1.5 8.3 -4.6 -0.1 -11.4 -5.7 -15.7 -9 -14.6 -7.5 -7.7 -0.9 2.3 11.5 9.6 20.9 52 64 45 54 35 51 32 39 1
11.6 23.3 13.6 24.9 11.9 23.6 6.9 16.7 0.8 7.7 -5.2 -0.1 -11.5 -5.5 -15.3 -8.3 -14.3 -6.8 -8 -0.8 1.3 10.5 7.5 20.2 50 74 44 49 24 35 25 39 1
14.9 25.7 17.1 27.8 15.4 26.2 9.9 19.7 2.8 10.4 -2.9 2 -9.1 -3.5 -13.1 -6.5 -12.5 -5.6 -6.2 0.3 3.6 13.3 10.6 21.9 44 45 33 47 29 43 27 40 1
10.7 20.7 12.2 21.9 10.9 20.9 6.5 15.3 1.8 8.5 -3.1 1.4 -8.3 -3.1 -12.3 -6.1 -11.1 -4.4 -6.3 0.5 1.1 9.6 7.3 17.7 73 96 53 67 35 57 42 49 1
11.4 20.1 13.9 21.9 12.8 20 8.1 14.5 3.4 8.2 -1.9 2 -7.1 -2.3 -10.7 -5.1 -9.7 -4.1 -5.2 1.1 0.6 8.1 6.5 15.6 58 81 56 69 31 51 33 38 1
14.2 24.6 17 27.8 15.6 26.7 11.6 22.1 5.6 14.6 1.3 8.4 -3.2 3.1 -6.8 -0.2 -5.1 1.8 -1.6 6.4 5.2 15.5 10.3 20.9 56 78 41 45 27 41 31 74 1
12.7 23.9 14.4 25.1 12.9 24.1 7.7 18 1.7 9.2 -3.7 1.3 -9.4 -3.7 -13.5 -6.7 -12.7 -5.3 -6.7 0.2 2.6 12.1 9 20.6 46 80 43 55 30 51 31 48 1
10.3 22.2 13.3 24.1 10.4 20.7 5.1 14.9 -2.2 5.4 -10.7 -3.3 -17.6 -9.4 -21.7 -12.4 -20 -9.4 -11.4 -0.5 -1.3 9.2 4.4 16.6 58 85 32 49 17 24 15 39 1
10.1 22.3 13.3 24.9 10.4 21.3 4.9 15.1 -2.5 4.6 -12.5 -4.9 -19.7 -11.2 -22 -13.3 -21.6 -11.3 -13.3 -2.3 -4 6.5 3.5 15.8 60 73 43 52 21 41 22 46 1
11.3 22.3 13.2 23.6 11.6 22.4 6.9 16.5 2 9.2 -3.5 1.4 -8.8 -3.1 -12.6 -6 -12 -4.5 -6.4 0.7 1.9 10.6 7.6 19.2 65 86 46 55 30 46 31 46 1
9.1 24.3 11.9 26.4 10 23.4 4.3 18.1 -2.5 8.6 -12.7 -1.5 -20.8 -8.4 -24.3 -9.9 -22.7 -4.9 -14.9 3.6 -4.2 11.2 3.5 19.2 91 102 64 82 33 53 35 86 1
10.3 21.2 12.3 22.7 10.8 21 6.1 15 1.5 7.8 -4.2 0.6 -9.9 -4.1 -14.2 -7.2 -13.3 -4.9 -7.4 1 0.6 9.4 6.4 17.8 66 100 50 58 30 47 31 60 1
11.2 23.8 13.5 25.5 10.7 22.9 6.1 17.1 -0.4 7 -7.5 -1.2 -15 -7 -19.5 -10.4 -18.6 -8 -11.2 -0.6 -0.4 10.5 6.7 20.1 58 63 53 60 32 46 27 38 1
12.2 24.2 13.9 25.4 11.7 23.4 7.2 17.3 0.2 7.5 -5.9 -0.4 -11.7 -5.1 -15.4 -7.7 -15.5 -7.1 -9.2 -0.4 0.9 11.4 7.3 20.8 47 87 29 53 21 29 19 36 1
12.7 23.3 15.3 25.4 14.4 24.6 10.5 20.6 4.3 14.4 0.1 9 -4.7 4.4 -8.1 1.8 -6.9 2.1 -2 7.2 4.6 15.3 9.4 19.9 93 157 40 73 26 33 48 148 1
11.5 22 13.6 23.6 12 21.8 7.1 15.4 1.6 7.7 -4.6 -0.1 -10.4 -4.9 -13.9 -7.6 -12.1 -5.2 -6.7 0.7 1.3 10.1 7.6 18.5 59 84 53 58 32 47 32 51 1
10.6 17 15.4 21 17.4 23 12.5 19.1 5.2 12.4 -4.2 2.8 -12.5 -5.5 -16.3 -8.8 -13.7 -5.9 -5.6 1.7 1.3 9.1 6.4 14.7 100 153 38 126 15 19 25 61 1
16.1 26.9 18.4 29.3 17.1 27.9 11.6 21.6 4 12.2 -1.3 4 -7 -1.9 -10.7 -4.5 -10.7 -4.3 -4.5 2.6 5.1 15.4 12 22.7 36 37 24 43 29 46 25 37 1
9.1 20.6 11.6 22.7 9.9 20.3 5.2 13.8 0.3 6.1 -5.9 -1 -12.3 -5.9 -16.9 -9.1 -14.8 -6.7 -8.8 -0.1 -1.3 7.9 4.9 16.6 65 77 42 55 25 42 26 46 1
12.5 24 14.3 25.4 13 24.5 8 18.5 2.4 10.2 -2.7 2.4 -8 -2.4 -12.1 -5.6 -11.6 -4.4 -5.6 1.2 3.2 12.9 9.1 20.9 57 73 39 54 32 50 31 46 1
8.3 20.1 10 21.9 9.4 22.1 6.1 17.7 1.8 12.6 -2.8 5 -6.6 1 -8.4 0.1 -7.1 2.1 -3.3 6.5 0.9 11.6 5.4 17.2 65 86 36 52 22 27 27 74 1
10.1 23.6 11.5 25.5 11.1 25.8 7.8 20.6 3.4 14.6 -0.8 6.5 -4.6 1.9 -6.7 1 -5.2 4.3 -1.5 9.5 2.4 15.2 7.2 20.9 62 80 56 61 36 53 41 70 1
10.6 22.5 12.2 24.4 11.7 24.2 8.4 19.1 4 13.3 -0.2 5.5 -4.2 0.9 -6.1 -0.1 -5 2.4 -1.4 8.2 3 14.3 7.5 19.9 69 92 39 61 29 41 30 69 1
10 21 12 22 11 21 8 16 4 10 0 5 -5 1 -6 -1 -7 -1 -4 3 0 9 5 16 50 62 47 55 23 39 27 36 1
7.6 21.4 11.4 26.1 11.4 26.8 6.9 22.3 2.1 14.8 -3.3 6.6 -9.7 -1 -13.4 -3.9 -12.3 -2.5 -7.4 1.9 0.2 10.6 4.6 16.6 17.9 49.9 25.4 45.8 23 27.5 35.8 72.5 1
10.5 23.7 14.4 28.1 14.4 28.3 10.5 24.2 5.5 17.2 0.2 10.1 -4.8 4.1 -7.9 1.6 -7.6 2.3 -3.3 6.1 2.4 12.6 6.8 18.4 3.5 18.2 13 47.9 32.6 37.8 46 55.4 1
13.8 23.5 15.1 24.5 14.4 24 10 19.1 4.8 12.3 0 4.8 -4.6 0.1 -8.2 -2.6 -6.8 -1.1 -2.1 4.3 4.8 13.6 10.7 20.5 69.2 88 35.1 51.3 46 51.7 38.9 52.5 1
18.2 30.3 21.6 30.8 20.4 29.5 14.2 25.8 7.3 19 -0.4 10.1 -6.9 3.3 -9.4 1.6 -6.9 4 -0.6 11.3 7.2 19.9 13.2 26.4 71 182 6 49 2 6 9 29 1
14.9 26.1 18.6 27.5 16.9 26.3 9.5 21.2 1.5 13 -8.3 1.6 -16.9 -6.9 -20.7 -10.1 -17.3 -6 -8.4 3.2 1.1 13.8 8.8 21.8 85 185 10 52 3 5 11 42 1
16.7 23.5 20.7 26.1 21.4 27 16.9 23.6 10.4 17.5 2.6 9.6 -4.3 2.6 -7.7 -0.9 -6.1 0.5 -0.5 6.5 6 13.8 12 20 84 173 20 62 8 10 13 43 1
14 26 18 27.7 16.1 26.1 8.5 20.5 -0.1 11.7 -10.5 -0.3 -20.3 -9.8 -24.6 -13 -21.3 -8.5 -10.2 2 0 13.3 7.6 21.3 78 153 8 61 3 6 10 37 1
9.3 22.7 10.1 22.1 9.4 21.1 7.5 19.7 1.3 16.3 -4.9 11.2 -9 7.7 -10.1 6.9 -6.8 9 -3 12.1 0.9 15.6 5 19.3 72.3 122.6 1.7 58.3 0.5 1 2 26.6 1
16.6 27.1 20.4 29 19.3 28.3 11.9 23.5 4.1 15.9 -4.2 5.7 -12.5 -2.2 -16.6 -5.2 -13.1 -1.7 -4.4 6.4 3.8 16 11.1 23.2 87 167 17 77 7 9 16 55 1
19.6 30 22.7 30.7 22.1 30 16.6 26 9.6 19.6 1.5 10.6 -5.1 3.5 -7.7 1.6 -5.5 4 1 11.3 8.5 19.8 14.8 26.3 68 185 10 42 3 6 9 34 1
16.5 26.7 20.7 28.6 20.5 28.9 14.3 24.7 6.7 18.2 -0.3 9.4 -7.2 1.7 -10.7 -0.8 -7.8 2.4 -1.8 8.9 4.9 17.1 10.9 22.6 90.3 275.2 34.9 100.2 11 16.5 24.7 72.2 1
9.8 34.9 30.9 12.8 13.9 34.2 7 21.9 29.8 -2.1 2.5 13.7 -6.6 2 5.9 -8.2 -10.5 4.3 -2.1 18.1 11.5 6.4 2.7 23.8 1.8 3.7 0.8 26.9 40.9 46.3 37.8 49.8 1
11.2 32.2 28.8 14.2 14.9 31.6 9.9 20.4 28.1 0.7 5.5 12.7 -4.4 2.1 5.5 -6.4 -8.1 4.3 -1.2 17 10.3 7.6 3.7 22.8 3.4 7.3 4.2 28.8 29.2 33.5 45.7 56.5 1
12.9 21.5 17.3 24.9 19.1 26.4 14.2 22.4 7.5 16.2 1.3 8.5 -4.1 2.1 -7 -0.6 -6.6 0.1 -2.9 4 3.2 11.5 8.3 17.3 46.8 123.8 104.1 135.2 94 113.6 53.1 77.8 1
15.2 26.5 17.6 29.7 16.3 28.8 11 23.4 4.6 15.9 -3.3 6.2 -8.8 0.4 -11.1 -1.3 -9.5 0.2 -2.4 7.1 5.6 16.5 10.9 21.7 27 58 28 59 33 38 62 109 1
11.2 25.3 13.4 27 10.9 24.3 5.1 18.6 -2.1 8.5 -11.2 -3 -18.9 -9.7 -22 -12.6 -21.8 -11.3 -15.6 -5 -2.4 9.3 5.8 19.6 33 53 21 30 15 20 15 33 1
8.8 24.6 12.6 26 10.5 24.1 2.5 17.8 -5.8 9.6 -17.4 -3.3 -25.8 -12.2 -30.8 -16.4 -26.5 -9.6 -14.5 1.1 -4.8 12.1 2.4 20.4 57 86.6 5.6 40.8 2.8 5.2 3.2 19.9 1
12.1 15.1 30.1 15.2 26.6 30.4 9.9 -1.1 18.2 4.1 26.1 9.5 -6.5 -8.9 -1.2 -11.2 2.3 0.6 -1.7 8.6 15.7 5.2 6.8 21.4 1.4 8.4 1 7.5 11.5 35.5 29.9 45.6 1
