5.2 25.7 10.3 27.7 9.4 26.3 5.1 22.9 -0.6 17.4 -5.3 10.6 -9 6.3 -9.3 5.7 -7.9 7.4 -5.9 9.6 -2.9 14.3 0.7 19.7 10.2 70.6 40.9 51.6 51.8 61 18.3 64.8 0
15.3 22.2 17.1 24.1 17.9 24.8 17.3 24.8 15.1 23.6 11.6 21.3 8.8 18.8 8.8 18.7 9.6 18.8 10.3 18.6 11.6 19.7 13.5 20.6 0.3 3.8 7.9 44.7 42.2 63.8 3.6 50.3 0
10.1 27.3 12.9 32.3 12.7 32.3 9.1 28.6 4.6 21.1 1.7 11.6 -0.6 7.3 -0.6 8.5 0.6 12.1 2.2 14.6 3.9 17.9 6.7 22.3 7.9 17.3 19.8 74.4 53.3 73.7 30.7 47 0
11.6 23.3 13.6 26.6 13.8 26.8 11.1 23.7 7.2 17.8 4.2 11.4 1.6 7.6 0.9 7.4 2.3 10.6 3.7 13.3 5.2 15.9 8.3 19.5 16 37.6 44.4 135.6 97.8 155.7 52.3 90.4 0
12.9 31 14.5 34 14.4 33.4 13.2 30.7 10.2 25.5 6.3 17.3 3.2 11.5 3.2 11.5 5.2 15.6 6.2 17.8 7.5 21.7 10.2 26.8 1.3 3 9.4 69.1 63.8 94.7 6.9 65.3 0
16.6 22 18.7 24.6 19.6 25.4 18.7 25.1 16.1 23.7 12.2 21.1 9.3 18.9 9.4 18.8 10.4 19.2 11.6 19.1 13.1 20.2 15.1 20.6 0.5 2.5 6.1 36.8 38.9 45.7 4.8 45 0
11.4 21.3 12.2 22 12.8 22.4 12.9 23.1 11 21.2 8.4 16.9 5.9 13.4 5.4 13.1 7.2 15.2 7.7 16 8.4 17.7 9.8 19.2 0.8 2.8 5.1 72.6 78.5 110.5 4.8 77.7 0
15.2 26.9 16.9 29.1 16.4 30.3 14.1 26.9 11.4 24.4 9.7 20.3 5.5 15.2 5.5 15.2 7 17.4 8 19.4 9.1 22.3 13.1 24.8 0 0 0 43.9 50.8 77 0 68.3 0
11.1 21.1 12.9 24 13.2 24 11.1 20.7 7.7 15.4 4.5 10.3 2.1 7.3 1.8 7.2 3 9.7 3.6 11.5 5.1 14 7.9 17.7 19.3 38.1 47.8 148.1 101.3 150.1 43.2 89.9 0
16.1 28.2 18.9 31.2 19.8 32.2 17.6 29.6 14.2 25.9 9.8 20.8 7.2 17.9 5.5 16.7 5.9 17.4 7.1 19.2 8.8 20.9 12.3 23.9 4.5 8.5 28.3 89.6 72.7 91 41.9 58.4 0
16.5 27.5 19 30.5 20 31.3 18.2 28.9 14.9 25.9 10.9 20.8 8.1 17.6 6.9 16.3 7 16.8 8.2 18.6 9.8 20.5 13 23.7 3.1 14 37.5 98.4 76.6 110.8 38.3 64.1 0
15.1 29.8 17.9 33.7 18.4 33.6 15.2 28.5 11.4 23.3 6.7 16.6 3.7 12.9 2.4 11.7 3.1 13.2 4.7 15.9 6.7 18.5 10.7 23.9 7.1 19.5 35.8 57.7 56 80.8 44.7 58.8 0
16 29.3 19.4 33.3 19.5 32.7 15.4 27.1 11.3 21.3 6.1 14.5 2.7 10.3 1.5 9.4 2.1 11.2 4.4 14.3 6.6 17.3 11.1 22.9 10.4 22.6 34.8 40.2 32.6 51.3 33 44.5 0
15.1 28.8 18.1 33 18.9 33.6 16.1 29.1 12.9 24.1 9.1 18.7 7.2 16.1 5.3 14.5 6.3 16 7.6 18 8.7 19.8 11.3 23.6 3.4 6.9 18.1 56.1 46.6 65.2 40 64.3 0
8.9 25.8 8.7 27.3 9.2 27.9 9.9 28 11.6 25.8 11.2 24.8 10.2 24.4 10.1 23.8 9.8 24.1 8.9 25.5 9.1 25.3 10 24.4 29 45 69 141 79 105 70 89 0
17.1 23.3 19.3 25.4 19.5 25.9 18.2 25.4 15.2 23.3 11.8 20.3 9.3 17.8 8.4 17.1 9.2 17.5 9.9 18.3 11.5 19.5 14 21.1 0.4 5.8 4.9 74.4 59 77.6 18.8 50.7 0
16.5 22.3 18 24.3 18.9 25.6 18.9 25.7 17.6 24.2 15.6 22 13.9 20 13.1 19.1 12.8 19.1 13 19.5 13.4 19.6 14.6 20.9 2.5 11.9 36.7 100.8 87.2 102.7 18.9 63.6 0
14.9 24.9 15.7 26.1 15.6 26.5 14.2 25.4 11.9 23 9.4 20.3 7.8 18.1 7 17.5 7.5 17.8 8.7 19.2 10.6 21.3 13.2 23.5 15 17 20 69 77 93 14 40 0
17.3 29 20 32.6 20.8 32.7 19 29.7 15.5 25.2 11.3 20.5 8.2 16.7 7.2 15.7 7.4 16.5 8.3 18.1 10.4 20.7 13.7 24.9 3.1 10.4 32.5 65.5 57 66.8 22.6 47.2 0
15.5 27 17 29.2 17.2 29.4 15.2 26.4 12.4 22.6 10.2 19 8.1 16.1 7.5 15.3 8.2 16.6 9.7 18.9 11.4 21.8 14 25.1 12.4 28 24.9 59.9 68.2 79.3 31.5 60.6 0
12.4 23.2 13.6 25 14.3 25 13.4 24 11.6 21.9 9.8 18.8 8.2 16.6 7.5 15.8 7.5 16 8 17.3 9 18.7 10.6 20.8 23.1 27.2 32.7 97.8 102.8 122.7 45.7 85.8 0
13.9 23.4 15.2 25.2 15.6 25.6 15 24.2 13.8 21.7 12.6 19 11.5 17.2 10.4 16.2 10 16.3 10.4 17.2 10.9 18.6 12.5 21.2 10.3 13.3 22.7 117.4 112.1 171.5 26.2 75.2 0
10.5 27.5 12.1 29.7 12 29.6 10.7 27.1 8.3 23.3 6.5 19.1 5.2 16.6 4.4 15.7 4.6 16.5 5.7 18.2 6.7 20.5 8.7 24.2 14.1 18.9 26.7 110.9 122.5 148.7 32.1 88.1 0
14 27.6 15.5 29.3 15.7 30.1 13.9 27.2 12.2 24.6 9.4 21 8.4 18.5 6.8 17.2 7.6 17.3 8.7 18.2 8.7 20.7 12.1 24.2 11.1 13.7 21.9 128.1 123.6 182.9 26.2 80.4 0
12.5 26.5 13.8 28.5 14 28.4 12.7 26.1 10.7 22.8 9.2 19.3 8.3 17.2 7.5 16.3 7.5 16.7 8.4 18.1 9.3 20.1 10.9 23.6 9.6 13.2 21.3 118.2 116.8 173.6 24.1 75 0
11.7 27.4 13.4 29.5 13.4 29 11.5 26.9 8.2 21.6 5.7 17.2 3.9 14 3.1 13.2 3.6 14.5 5 17.5 7.2 21 9.6 24.6 24.2 29.4 25.4 72.9 79.5 81.7 36.9 72.7 0
11.7 28.3 13.2 30.5 13.1 30.1 11.5 27.3 8.7 23.2 6.3 18.9 5 16.3 4.2 15.5 4.5 16.3 5.8 18.1 7.4 20.7 9.7 24.8 14.7 16.1 24.4 127.3 141.3 181.7 31.9 99.4 0
10.1 24.7 11.7 27.2 11.9 27.7 10 24.8 7.4 20.8 6.7 17.2 5.6 14.6 5.2 14 5.3 14.9 6.5 16.8 7.4 19.3 8.4 21.5 22 34.9 30.2 69.5 82.5 88.3 41.2 71.6 0
13.9 27.3 16.4 29.9 16.2 29.1 14.5 26.8 12 22.6 9.3 18.4 7 16 6.1 15 6.5 15.9 7.7 18.4 10.1 21.5 12 24.6 18.9 25.1 16.1 61.2 51.7 56.7 31.4 47.7 0
14.3 24.5 15.6 26.3 16 26.2 15 25.1 13.1 23.2 11 20.3 9 17.9 8.3 17.1 8.6 17.7 9.6 19.3 10.6 21 12.6 23 18.1 28.1 30 76.1 81.3 97.8 35.1 58.2 0
16.3 29.4 18.3 31.7 19.1 32.6 17.9 30.8 15.4 27.6 12.8 23.8 10.9 20.7 9.4 19.5 8.9 20 9.2 22 10.9 24.4 13.8 27 5.7 11.8 17.1 72.6 65.1 104.9 9.8 32.4 0
12.2 28.4 13.6 30.3 13.7 29.5 12.6 26.7 10.3 22.8 7.9 18.4 6.5 15.5 5.4 14.5 5.5 15.4 6.4 17.7 7.6 20.7 10 25.1 13.3 16.4 22.7 61.1 63.5 77.4 21.6 46.8 0
11.8 27.5 13 29.8 13.1 29.9 11.4 26.8 9.2 22.3 7.7 18.3 6 15.5 5.4 14.9 5.8 16.1 6.9 18.5 8.2 21.4 9.8 24.6 18.4 25.8 21.5 53.8 52.8 58.4 31.8 52.2 0
13.7 22.3 14.9 23.7 15.5 23.6 14.4 22.1 12.5 19.7 10.8 17.4 9.4 15.4 8.4 14.6 8.4 15.1 9.2 16.5 10.4 18.5 12.1 20.5 14.9 19.2 18.5 58.4 64.9 77.3 22.9 47.3 0
13.8 26.4 15.4 28.8 15.9 28.7 14.4 25.9 12.2 22.1 9.9 18.2 7.8 15.4 6.9 14.4 7.3 15.4 8.5 17.8 10.1 21.2 12 24.3 17.5 23.3 20.9 61.4 61.9 68.3 27.8 51.8 0
15.3 27 16.9 29.3 17 29.5 15.6 27.6 13 24.4 10.8 20.6 9.5 18.1 8.6 17.3 8.6 17.7 9.6 19.2 10.9 21.2 13.2 24.4 9.6 13.3 19.4 126.2 126.6 189.7 22.8 84.7 0
11.6 24.7 13 27 13.3 26.9 12.4 24.5 10.7 20.9 8.8 17.3 7.4 15.2 6.4 14.3 6.4 14.9 7.2 16.4 8.2 18.6 10 21.7 19.5 24.3 31 134.7 148.8 180 46.6 109.2 0
12.1 25.4 13.7 27 15.2 28.2 12.8 25.8 11 21.2 10.4 19.2 8.7 17.1 9.1 16.4 8 16.3 8.2 17.5 8.9 19.2 10.5 21.5 13.2 20 28.8 161.5 163.5 232.7 42.1 104.3 0
15.5 31.9 17.7 34.3 18.1 34 16.2 30.9 13.6 26.4 9.9 21.7 8 18.6 6.8 17.3 6.9 18 7.7 20.5 9.7 24.6 12.8 28.2 9.7 14.6 19.7 61.3 63.2 90.8 12.8 38.5 0
10.4 25 11.8 27.1 11.8 26.6 10.4 24.5 8.2 20.3 6.6 16.4 5.2 13.7 4.4 12.8 4.9 14.1 5.8 16.4 7.2 19.3 8.8 22.4 25.7 34.1 31.5 88.7 99.3 105.4 39.8 86 0
9.8 22.7 11 25.1 11.6 25.1 10.4 23 8.6 19.3 7.3 16 5.7 13.8 5.1 13.1 5.4 14 6.2 15.8 7.1 17.8 8.2 20.1 25.3 37.4 35.3 72.6 81.9 98.9 46.6 72.7 0
10.8 25.5 12.2 28 12.5 28.7 11 25.5 8.7 21.5 7.1 17.5 5.3 14.9 4.9 14.2 5.4 15.4 6.5 17.3 7.6 20.1 9 23 19.9 30.4 26.5 60.3 72.6 75.5 36.4 65 0
13 29 14.6 30.9 14.7 29.9 13.5 27.2 11 22.9 8.1 18.5 6.8 15.6 5.7 14.7 5.6 15.3 6.4 17.5 8 21.3 10.7 25.1 12.3 16.7 20.7 64.5 68.7 89.2 18 47.1 0
15.4 32.1 17.1 34.1 17.1 33.6 15.4 30.6 12 26.1 8.5 21 6.4 17.8 5.4 16.8 5.7 17.8 7 20.5 9 23.8 12.4 28.3 9.1 12.9 19 56.7 61.5 83.9 12 36.6 0
11.8 26.3 13.6 28.8 13.9 28.6 11.8 25.7 9 21.4 6.7 17 5.1 14.2 4.4 13.2 4.8 14.3 5.8 16.8 8 20.2 9.9 23.8 18.8 24.3 22.2 55 56.3 66.2 29.3 60 0
14.8 28.8 16.9 31.5 17.4 31.8 15.9 29.5 13 25.4 10.4 21.5 9 18.8 8.1 17.8 8 18.3 8.9 20.1 10.2 22.4 12.6 25.6 9.1 15.3 15.3 103.8 119.5 169.3 25.4 71.4 0
13.9 23.9 15.2 25.4 15.7 25.5 14.6 23.9 12.6 21.6 10.8 19 9.2 16.6 8.2 15.9 8.2 16.6 9.1 18.3 10.5 20.2 12.3 22.1 13.3 19.1 20 57.4 69 78.9 21.9 49.7 0
12.7 21.2 13.6 22.4 13.7 22.5 12.7 21 11.5 18.8 10.2 16.4 8.7 14.3 8.1 13.6 8.5 14.3 9.2 15.7 10.2 17.5 11.4 19.5 18.8 27.8 26.6 73.3 85.3 103.9 29.9 59.3 0
13.8 23.5 15.1 24.5 15.4 24.5 14.2 23.4 12 21 10.1 18.5 8.4 15.9 7.7 15.4 8 16.2 9 18.2 10.4 20.1 12.2 21.8 19.7 24.1 23 61.6 67.4 74.8 28 56.2 0
18.8 25.2 21.5 28.3 21.7 28.7 18.7 25.4 15.2 21.4 10.8 16.6 7.8 13.3 6.5 12.2 6.4 12.3 8.5 14.4 10.9 16.9 15.2 21.3 24.1 59 78.7 141.9 89.2 125.3 76.1 97.7 0
18.8 26.7 21.6 29.8 21.5 29.5 18.1 25.1 14.1 20 9.9 14.9 6.8 11.5 5.3 10.2 5.5 11 7.6 13.7 10.8 17.4 15.2 22.5 27.6 50.8 66.9 111.9 64.8 105.1 54.9 63.5 0
17.5 27.4 20.1 29.6 20.5 30.2 18.5 28.8 15.9 26.2 12.2 22 9.4 18.5 7.7 16.8 7.4 16.8 8.1 18 10.8 21.3 14.2 24.2 0.2 0.7 1.7 52 69 98 10 49 0
16 26.1 18.7 29.5 18.7 29.2 15.5 25.3 11.6 20.3 6.8 14.7 4.1 12 3 11.2 3.9 12.6 6 15.3 8.5 17.7 12.6 22.2 12.6 25.4 50.6 85.4 43.5 53.6 40.4 57.9 0
16.7 23.6 19.7 26.6 20 27.2 17 24.3 13.2 20.6 8.8 16.3 6.2 13.8 5.3 12.9 5.9 13.4 7.6 14.9 9.7 16.5 13.5 20.1 15.4 38.3 75.6 143.9 59.7 87.6 49.4 69.2 0
18.2 31.1 20.8 33.5 20.7 33.2 17.3 29.2 13.4 23.3 9.8 18.1 6.8 14.1 5.2 12.5 5.4 13.5 6.7 15.7 9.6 20.2 13.9 26 5.8 10.6 13.9 58.3 46.7 69.1 22.7 40.7 0
16.3 29.2 18.6 31.5 18.3 31.1 14.9 27.2 10.8 21.2 6.8 15.4 3 11 1.3 9.3 2.2 10.9 4.5 14.2 7.5 19 12.1 24.5 20.4 29.6 27.4 54.4 36.8 54.9 37.5 44.4 0
17.8 27.6 19.4 29 19.5 29.4 18.6 28.2 16.6 24.7 12.3 18.8 8.4 14 6.4 11.8 6.4 12.6 8.4 15.4 12.6 21.5 15.7 25.3 0 0 0.3 60.8 105.7 133.2 3.2 92.7 0
20.6 27.5 23 29.4 23.7 30.2 22.5 29.4 19.1 27.3 14.6 23.4 11.2 19.2 9.6 17.5 9.8 17.7 11.5 19.2 14.4 22.8 17.3 24.9 0 0 0.4 79.3 90.1 126.9 2.3 60.6 0
16.6 25.8 19.1 28.4 19.1 28.3 16.5 25.4 12.8 21 9.1 17.1 6.4 13.5 5 12.1 5.3 12.7 6.7 14.7 9 17.9 12.9 22.2 27 39.2 54.1 64.6 50.8 63 36.7 52.1 0
16.1 26.6 18.6 29.6 19.1 29.8 17 26.9 13.7 22.8 9.5 18.2 6.8 15.1 5.7 14.2 6.2 14.7 7.2 16.1 9.1 18.4 12.3 22.3 3.2 9.2 30.6 56 45.8 55.3 23.9 44.1 0
15.6 26.2 18 29.3 17.9 29.5 15.3 26.3 11.6 21.8 7.7 17 5.1 13.6 3.8 12.5 4.3 13.2 5.9 15.2 8.3 18.2 12.1 22.6 24.3 41.6 80.3 162.1 97.9 121.4 49.6 85.7 0
19.7 25.1 22.9 28.3 23.6 28.8 21.5 26.6 17.8 22.9 14.3 19.3 11.5 16 10.2 14.8 10.1 15.1 10.9 16.1 12.9 18.4 16 21.8 5.1 13.3 41.5 98 65.4 80 25.5 59.5 0
15.6 25.6 18.2 28.6 18.4 28.7 15.8 26 12 22 8.1 17.2 5.1 13.9 3.7 12.9 4.4 13.7 5.8 15.3 8.3 18 11.9 22 14.7 33.3 68.2 110.5 74.9 89.6 31.8 65 0
17.4 29.9 19.2 31.1 19.6 31.3 18.2 29.8 15.1 26.6 10 20.6 6.4 15 4.9 12.9 5.4 14.1 7.3 16.9 10.6 22.1 14.1 26.9 0 0.6 0.7 50.4 82.9 111.6 6.7 87.5 0
18.4 27.5 21 30.7 21.8 30.7 20.1 28 17.1 24.2 13.9 20.1 11 16.7 9.2 15.2 9.3 15.5 10.1 16.7 11.9 19.1 14.9 23.3 0.4 7 40.4 89.7 61.3 112.3 6.6 40.9 0
15.7 25.4 17.9 28.7 18 28.8 16.9 26.7 14.3 23.1 10.9 19.4 8.6 16.7 7.7 16.1 8.4 16.7 8.9 18.4 10.4 19.8 12.5 22.4 1.4 7.6 14 86.1 72.4 94.1 21.1 39 0
16.5 22.3 18 24.3 18.9 25.6 18.9 25.7 17.6 24.2 15.6 22 13.9 20 13.1 19.1 12.8 19.1 13 19.5 13.4 19.6 14.6 20.9 2.5 11.9 36.7 100.8 87.2 102.7 18.9 63.6 0
15.6 24.8 17.4 27.4 17.7 27.9 17 26.4 14.6 22.4 11.2 17.8 8.9 14.8 8.2 14.5 9 15.6 9.9 17.6 11.1 19.1 13 21.7 4.8 21.2 25.7 113.5 107.6 110.8 38.6 68.9 0
15.4 21.8 17.2 24.3 18.4 25.6 17.8 24.7 15.9 22.1 13.9 19.6 12.6 17.9 11.6 17 11 16.8 11.6 17.3 12.1 18.1 13.3 19.7 29.5 38.4 86.4 130.5 107.3 133.4 53.1 100.4 0
13.5 22.7 15 24.7 14.6 25 13.9 24 11.4 20.9 7.9 16.7 5.9 13.9 5.1 13.5 5.9 14.3 6.8 16.2 8.3 17.5 10.6 19.6 15.6 53.2 64.2 151.8 168.6 175.6 88.6 111.9 0
15.7 24.2 18.6 27.5 19.3 28 16.7 25.5 12.6 21.5 8.1 17 5.7 14.3 4.4 13.4 5.3 14.6 6.7 15.9 8.5 17.6 12 20.5 20 61 58 91 29 51 42 59 0
15.1 26.9 18.4 31.2 18.2 30.7 15 26 10.2 19 6 13.4 3.8 10.1 2.6 9.7 3.7 12 5.6 15.7 7.2 17.5 10.7 21.4 10 25 28 56 35 56 26 52 0
17.1 27.3 19.7 29.9 20.5 30.3 18.2 27.9 14.3 23.7 10.8 19.9 8.4 17.4 7.3 16.6 7.9 17.7 9 19.1 10.4 20.9 13.4 23.8 2 12 16 95 55 88 25 49 0
16.7 31 19.4 35.3 19.5 35 17.5 31.6 13.5 25.6 9.3 20.1 6.9 16.6 5.2 15.9 6.7 17.9 8.2 21.2 10.1 22.7 13.1 26.4 2 13 23 84 54 95 34 57 0
9.2 23.9 11.7 28.5 12 28.2 9.8 24.2 6 17.6 2.1 11.8 0.2 8.1 -1.2 7.4 -0.1 10.3 1 13.4 2.6 14.8 5.8 18.7 19 35 30 48 33 55 23 54 0
17.1 30.8 19.8 32.3 20.1 32.8 17.5 31.3 12.7 26.9 7 19.1 3.8 12.5 2.8 11.1 3.3 13 5.6 16.6 9.2 21.6 13 27 0 2.6 2.4 48.1 76.5 95.1 13 56.4 0
20.9 26.8 24 28.9 24.5 29.7 22.1 29 18.4 26.8 13.7 22.1 10 17.3 8.4 15.6 9 16.3 10.9 18.4 14 21.5 17.1 24.2 0.9 4.5 7.8 95.2 99.8 162.6 21 90.6 0
20 36.1 23.5 40.3 23 39.8 19.5 35.4 15 28.3 8.8 19.3 4.4 12.7 2.7 10.9 3.5 12.6 6.3 16.7 10.3 22.1 14.9 29.2 0.1 2.2 0.8 38.5 66.9 77.5 29 68.2 0
19.4 31.7 22.5 33.8 22.9 34.6 19.7 33.1 15.4 29 10.6 22.5 6.8 16.7 5 14.7 5.8 15.9 7.9 19.1 11.6 23.5 15.5 28.2 4.8 21.6 15.2 73.1 90.1 120.9 46.6 65.6 0
12.6 26.4 15.4 29.9 15.4 30 11.3 25.8 6.8 20 2.4 12.9 -0.9 6.3 -3.5 4.1 -2.8 5.9 0.2 11.1 5.1 17.3 9.4 22.2 10.9 33.8 16.8 31.4 35.1 45.7 36.7 51.1 0
19.4 30.5 22.4 33.8 22.3 33.7 19.1 30.9 15 26.4 10.7 21.2 7.6 16.7 5.9 14.9 6.2 15.4 7.8 17.7 11.1 21.2 15 25.4 2.2 9.6 12.3 131.9 160.7 263.3 30 96.8 0
16.4 33.4 21.6 38.3 20.9 38.1 15.8 33.2 9.9 25.3 4.1 16.2 -0.3 9.2 -2.4 6.5 -1.2 8.9 2.3 14.3 7 20.4 11.2 26.5 0.5 7.6 2.7 53 68.6 71.1 42.3 69.4 0
15.1 28.8 17 31.4 16.8 31.2 13.1 27 9.1 20.5 5.1 13.8 1 8 -1 6.1 -0.1 8.6 2.4 12.7 7 18.8 11.5 24.3 24.5 46.2 34.3 71.2 48.8 70.8 47.4 49.8 0
16 26 18.5 28.4 18.7 28.5 15.5 25 12 20.1 8.5 15.3 5.3 11.1 2.9 8.7 2.8 9.1 3.9 11.2 7.7 16.5 12 21.4 23.6 25.3 44.3 84.7 71.3 106.7 32.6 63.2 0
19.4 30.6 22 33 21.8 32.7 18.3 29 14.3 23.8 10.6 18.4 7.5 14 5.6 12.2 5.9 13.4 7.2 15.8 10.9 20.7 15.1 25.9 2.1 7.9 10.7 92.1 98.8 150.8 31.8 76.7 0
16 29.5 19.5 33.1 19.4 33.2 15.2 29.1 10.1 22.8 5.7 16.3 3.2 11.2 1.6 9.7 1.9 10.8 3.4 13.9 6.9 18.5 11.3 24.1 7.2 22.5 16.1 135.6 176 275.4 47.3 125.5 0
11.1 24.5 12.9 28.1 12.8 28.1 9.7 24.1 6 18 2.1 11.6 -1.7 5.8 -4 3.6 -3.1 4.9 0.2 9.8 4.8 15.6 8.4 15.6 4.4 31.3 12.1 35.4 41 49.1 44.8 57.7 0
20.2 34.4 23.9 38.5 23.6 38.2 19.7 33.8 14.2 26.9 8.3 18.6 3.7 11.9 1.8 9.7 2.6 11.7 5.4 16.1 10 22 14.9 28.5 0.5 3.2 1.1 45.7 71.2 88.3 26.4 65.3 0
15.3 35.8 32.6 17.5 18.8 34.9 13 23.1 30.8 2.6 7.8 14.8 -2.2 4.2 7.6 -3.8 -5.7 6.8 2 19.6 13.5 11 7 25.6 0.6 1.5 0.7 31.6 47.6 54.7 31.9 53.4 0
15.1 32.4 29.6 16.6 17.8 31.8 12.5 21.2 28.2 2.4 6.7 14.3 -1.3 6.3 8.7 -2.8 -3.4 7.6 1.1 19.9 12.5 10.7 6.7 24.3 6 10.1 8.4 26.3 25 30.7 34.6 42.4 0
14.6 35.6 32.2 16.9 17.7 34.6 12.9 23.1 30.9 2.9 7.8 15.4 -1.9 5.1 8.1 -2.9 -4.7 7.6 1.7 20 13.7 10.6 6.4 25.9 1.2 5.9 0.8 27.8 40.8 44.5 34.5 52.1 0
19.9 32.6 30.9 22.9 22.8 32.7 19.6 24.8 29.9 8.9 13.9 18.8 5.2 12.4 14.3 3.8 3.4 13.1 6.1 21.2 15.3 15.5 10.7 26.9 22.2 33.4 38.9 68.5 55 57.5 44.1 79.4 0
19.5 35.9 32.4 22.7 23 35.7 18.6 24.9 31.5 6.9 13.8 16.6 2.8 8.8 11.3 1 0.5 9.9 4.4 20.1 13.8 14.8 9.7 26.5 0.1 0.5 0.2 84.1 90.1 116 17.5 122.6 0
11.4 37.8 33.3 15.4 16.1 37 10.6 25 32.5 1.8 6.4 16.7 -1.6 6.5 9.7 -2.8 -4.2 8.9 1.2 19.7 14.3 8.3 5.1 25.8 0.3 0.5 1.3 54.3 62.9 70.3 33.7 88.9 0
15.4 39.6 36 18.7 19.5 39.1 14.1 27.7 35 5.5 10 19.7 1.8 10.9 13.1 1.4 0.1 13.3 4.6 22.6 17.5 11.9 8.3 28.9 0.1 0.3 1.2 54.3 73.1 86 36.5 82.5 0
12.9 31.2 27.5 15.9 16.6 31 11.5 20.1 27.1 1.4 6.6 12.2 -3.2 2.6 5.7 -4.8 -6.1 4.8 -0.1 16.8 10.4 9.1 5.2 22.2 2.1 14.2 4.4 40 29.7 33.2 45.6 62 0
12.2 36.8 32.3 16.4 17.1 36.1 10.4 23.9 31.6 1.1 5.8 15.6 -3 4.9 8.5 -4.8 -6.2 6.9 0.1 19.1 13.1 8.2 4.5 25.2 0.4 1.8 0.8 57.3 58.4 71.8 42.5 86.9 0
19.9 31 28.1 23.6 22.6 32.2 20.8 24.8 28.8 9.7 15.9 18.6 5.8 13.2 14.8 4.8 4.3 14.3 7.5 20.7 16.1 15.7 11.3 24.5 18.8 40.8 71.2 147.1 50.6 87.9 54.3 76.8 0
10.6 34.3 31.6 13 14.2 33.6 8 23.1 30 -0.1 3.6 15.3 -4.4 4.6 8.5 -5.2 -8 7.4 -0.3 18.5 13 7.6 4.1 24.9 0.5 1.8 0 32.8 50.3 60.9 14.6 56.9 0
15.2 32.9 28.6 19 19.6 32.3 14.3 19.9 28.2 2.1 8 12.1 -3 1.2 4.9 -4.5 -6.6 3.8 0.3 16.5 10.1 10.6 5.7 22.5 3.2 18.1 9.4 28.4 25.3 26 41.9 53.6 0
14.9 35.1 32.6 17.7 18.6 34.8 13.5 24.7 31.1 3.7 8.5 17.3 0.5 8.3 11.8 -0.5 -2 10.5 2.9 20.7 14.4 11.1 7.3 26.9 0.6 1.8 0.4 65 155.9 205.1 14.7 165.8 0
15.1 28.4 17.5 31.4 15.7 29.9 10.6 24.8 4.5 17.1 -1.1 10.1 -5.4 4.8 -8.6 2.7 -7.3 3.3 -0.3 10.1 6.3 18.1 10.9 23.1 12 35 17 44 26 31 47 76 0
16.8 16 35.7 18.3 33 34.4 11.3 3.3 23.2 7.1 29.9 16.5 0.3 -0.8 8.1 -2.4 10.6 9.3 4.4 12.9 21.9 9.8 15.1 26.8 1.3 11 2.7 47.9 68.7 84.8 79.1 138 0
16.4 33.9 32 15.9 17.8 32.2 11.2 21.1 27.9 2 6 14.9 -1 6.2 9.2 -2.1 -3.6 7.9 3.2 20.8 13.6 12.7 8.9 26.4 0.4 4.3 3.8 28.2 39.2 43.9 33.2 70.5 0
17.7 35.7 33.2 17.2 19.4 34 12.4 21 28.7 3.3 7.2 14.2 -0.3 5.8 8.5 -1.5 -3.1 7.9 4.2 21.8 14.3 13.7 9.9 27.4 2 7.1 4.5 45 46.8 54.5 32 72.3 0
12 12.4 29.7 13 28.4 29.1 10.7 6.3 23.3 8 26.9 18.7 4.3 4.8 14.9 3.9 15.2 16.7 6.1 10.1 22.3 8.2 19 25.4 0.4 2.1 3.2 42.2 51.8 86.6 9.2 22 0
8 14.2 10.1 16.1 10.3 16.7 7.6 14.9 4.7 11.1 0.9 7.1 -0.8 5.1 -2.1 4.6 -1 5.9 0.3 7.4 2.1 9.9 5 12.3 114.3 155.4 244 379.2 203.9 302 139.5 191.6 1
11.2 19.2 13.2 21.7 13.4 21.9 10.5 18.7 6.6 13.5 3.1 9 0.8 6.2 0.5 6.1 1.5 8 3.1 10.1 5.3 13.1 8.4 16.5 39.1 54.8 53.5 181 123.1 175.7 67.9 114.3 1
9.3 19.3 10.8 21.9 10.8 22 8.4 19.4 5.3 14.2 2.7 9.5 1 6.9 0.7 6.9 1.4 8.4 2.3 10.5 4.1 13.4 6.9 16.6 19.5 32 30.4 147.2 107.8 151.2 36.5 78 1
8.3 15.7 7.7 14.9 7.3 15.4 7.1 15.8 7.7 15.9 7.9 16 6.3 16.1 5.6 16.4 6.5 16.7 7.6 16.7 8.6 16 8.7 16.2 43 54 72 107 29 53 66 101 1
12.4 21.1 12 21.6 12 21.7 11.9 21.2 11.8 20.7 11.6 20.8 11.3 21.3 11.2 22 11.5 22 11.9 22 12.3 21.5 12.5 21.2 64 91 138 190 92 125 134 167 1
9.5 16.9 9.5 16.7 9.6 16.9 9.8 17 10 17.3 10.1 17.3 9.9 16.6 9.4 15.9 9.4 16.3 9.5 17 9.4 17.3 9.3 18.1 67 76 74 88 31 44 40 94 1
12.9 24.6 12 25.1 12 25.2 12.4 24.8 13.5 24.2 13.8 23.8 13.7 24 13.3 24.2 13.3 24.3 13.7 24.5 13.9 24.4 13.9 24.6 49 82 124 331 181 251 122 203 1
7.8 18.4 7.2 19.1 8.1 19.3 9 19.2 9.7 18.4 9.7 17.3 9.1 16.4 8.4 16 8.2 16.5 8.2 17.3 8.7 17.9 9 18.2 16 31 55 84 42 58 54 85 1
14.3 25.3 14.3 24.7 14.1 25.1 13.9 25.4 14 25.1 14.1 24 13.7 23 12 22.9 12.8 23.7 12.9 24.9 13.7 25.6 14.2 25.8 126.3 202.1 112.3 250.9 19.7 58.1 14.8 186.8 1
16.2 25.3 15.8 24.5 15.8 25 15.8 24.4 15.4 24.1 14 23.4 13.1 23.4 11.5 23.8 12.9 25.2 14 26.6 15.4 27.5 16.2 27.1 180.1 249.5 42.6 235.2 3.2 7.4 6.9 117.2 1
12.2 24.6 11.5 23 11.6 23.3 11.5 22.3 9.8 22.2 7.9 21.8 6.6 20.8 5.8 21.2 7.1 22.9 9.2 25.7 10.8 26.6 11.7 26.5 134.8 175.1 12.1 144.8 4.3 11 10.1 56 1
12.8 29.6 12.4 27 12.7 26.8 12.3 26.4 10.4 26.5 8 26.2 6.3 25.4 5.5 24.7 6.3 26.4 8.3 29 10.5 30.7 12.1 31.5 138.3 184.4 11 132.2 5.6 16.2 9.1 42.9 1
12.4 26.4 11.4 25.3 11.4 25.2 11.3 24.8 9.6 24.6 7.3 24.4 5.3 23.5 4.6 23 5.9 23.8 8.1 25.9 10.2 27.1 11.7 27.9 155.7 197 12.3 192.1 4.6 9.4 11.5 87.9 1
9.3 21.7 8.7 20.4 8.4 20.7 8.4 20.6 6.5 20.8 3.9 20 2.4 18.9 1.4 18.6 2.6 19.9 4.4 22.3 6.6 23.2 8.2 23.5 128 144.6 11.6 98.8 7.1 14.8 12.7 64.7 1
9.8 23.4 11.6 27.6 11.8 27.7 9.6 24.6 6.4 18.1 4.3 11.3 2.2 7.9 1.8 8 2.8 10.8 3.8 13.3 4.8 15.8 6.9 19.5 13 36.3 42.4 211.3 143.3 218.7 54.9 140.2 1
7.2 16.1 8.9 17.7 8.5 17.1 6.1 13.3 2.9 8.4 -2.7 2.6 -5.2 -0.2 -7.2 -1.4 -5.2 1.2 -2.9 3.7 0.1 8.4 3.8 12.8 80 135.1 124.7 199.1 95.3 115.3 70.4 86.9 1
9.1 23.6 10.5 27.6 10.8 27.8 8.4 24.4 5.1 17.9 3.1 11.3 0.9 8 0.4 8 1.2 10.8 2 13.2 3.2 15.8 5.7 19.4 14.2 34 39.4 159.5 114.3 172.7 47.8 105.9 1
11.2 22.8 11.3 20.6 11.2 20.6 11 21.3 9.9 22.3 8.7 22.6 8.1 22.8 9 23.3 10.3 24.3 11.6 24.8 12 24.2 12.3 24.4 123.5 278 8.3 174.1 10.2 36 68.2 88.8 1
9.9 23.6 9.4 25 9.6 25.8 10.6 25.8 11.8 24.1 10.8 23.6 9.3 22.9 9.8 21.8 9.6 21.9 9 23.3 10.2 23.9 10.8 23.2 36 44 66 154 94 175 49 82 1
12.6 23.4 11.5 24.5 11.6 25.6 13.1 25.6 14 24.1 13.2 22.6 11 21.5 10.1 20.6 10.2 21.4 10.5 23.7 12.5 24.7 13.1 23.1 56.5 101 92.8 219.4 17.5 35 28.3 154.2 1
16.3 25.8 16.6 27.7 16.9 25.9 16.3 25.4 15.2 24.8 12.9 22.9 10.8 20.9 10.3 20.2 10.3 20.6 11.3 23 13.4 25.2 15.1 26 256.9 304.1 20.1 183.1 7.2 15 9.5 170.8 1
16.6 26.3 17.2 26.2 17.2 26.1 16.6 25.3 15.2 24.5 12.7 22.6 10.5 20.4 10.1 19.7 10.2 20.4 11.2 23 13.4 25 15.3 26.1 227.8 820.8 27.3 137.6 11.4 24.6 18 124.9 1
15.9 26.1 16.1 25.5 16.5 25.6 16 24.8 14.9 23.5 11.6 22.1 7.9 20.4 6.5 20.3 6.6 21.9 8.7 25.1 11.7 27.2 14.2 27.2 179.5 203.3 58.8 224.1 11.8 30.1 10.4 95.7 1
13.9 25.2 14.7 25.6 14.1 25.1 13.1 24 10.3 21.1 7.2 18.9 4.1 16 4.1 16.7 6.2 19.4 9.3 22.8 11.2 23.8 12.7 24.2 90 125 13 91 4 9 27 117 1
14.5 24.3 14.8 24.8 14.7 24.2 13.8 24.2 11.5 22.9 8.9 21.5 6.1 19.3 5.9 19.2 7.3 22 10.5 25.5 12.5 26 13.8 25.8 149.1 193.4 10.1 90.3 3 5.4 6.8 113.1 1
12.2 26.5 13.4 27.1 13.3 26.1 11.3 24.1 7.5 20.6 3.9 16.4 1.6 13.1 0.3 12.2 1.1 14.2 3.7 17.6 7 21.2 9.8 24.3 87.1 104.5 44.4 65 48.4 56.9 51.6 80.4 1
11.1 23.4 12.6 25.4 12.6 25.5 11.1 23.6 8.5 20.5 6.7 17.3 4.8 14.9 3.8 14.3 4.3 15.4 5.8 17.3 7.5 19.5 9.4 21.2 50.2 67.7 50.2 67 48.9 58.4 56.8 70.2 1
9.4 22.5 10.8 24.9 11.4 25 9.9 22.1 7.4 17.5 5.8 13.5 4 10.7 3.2 10 3.7 11.4 4.9 13.8 6.2 16.5 7.7 19.4 38.7 51.3 43.9 67 63.9 75.5 55.9 73.4 1
11.6 26.2 13.3 27.7 13.3 27.1 10.8 24.5 6.7 19.9 3.5 15.5 1.6 12 0.6 11.1 1.3 12.8 3.5 16.2 6.2 19.7 8.8 23 55.3 69.3 43.1 50.7 43.9 50.1 46.4 58 1
12.9 25.9 14.2 27 14.5 27 12.6 25.7 8.9 23 5.5 19.7 2.9 16.8 1.4 16.7 2.6 18.2 5.1 20.5 8.2 22.5 10.7 24 78.4 88 72 98.5 52.3 82.7 53.1 69.9 1
11.1 26.5 14.1 29.1 14.4 29.4 11.3 25.3 6.8 20.7 5.2 16.2 3.5 13 2.2 12.4 2.6 14.1 4.6 16.4 6.3 19.5 8.8 23 32.2 33.1 36 54.8 56.4 61 37.4 54.2 1
11.4 24 13.1 25.1 13.4 24.5 11.5 22.4 7.9 19.4 5.2 15.4 3.1 12.4 1.5 11.6 2.7 13.3 4.8 16 7.3 18.8 9.2 21 71.8 88 77.4 98.2 47.3 84.2 59.2 94 1
11.2 26 13 27.7 12.9 27 10.7 24.4 6.6 19.8 3.1 15.4 0.9 12.1 -0.2 11.2 1 12.9 3.1 16 6 19.2 8.5 22.4 52.5 61.5 47.8 52.6 39.6 47.4 52.8 65.3 1
9.4 23.4 10.7 25.7 11.2 26 10.1 23.5 8 19.3 6.2 15.8 4.5 13.1 3.9 12.5 4.5 13.7 5.8 15.8 6.8 18.3 8.3 20.8 35.1 45.3 43.8 71.2 75.7 88.4 57.6 77 1
8.9 25 10.5 26.8 10.5 26.7 8.2 23.8 4 19.5 1.3 15.5 -1.3 12 -2.8 11.3 -1.7 13.3 1.3 16.1 3.8 19.3 6.6 22 47.7 60.3 35.5 53.3 29.2 35.7 38.4 54.8 1
10 19.2 12.3 21 12.5 21.3 10.5 20 8 17.2 6.6 15 4.7 13.1 4.4 12.6 4.9 13 5.9 14 7.2 15.7 8.1 17.2 40 52.8 49.5 80.3 80.2 99.8 58 75.3 1
11.9 21.8 12.9 23.2 13.7 23.5 12.6 22.9 10.3 19 8.2 15.8 6.2 12.9 5.3 12.3 6 13.3 7.7 15.8 9.2 17.6 9.9 19.2 32.2 43.1 41.8 49.4 46.5 50.1 47.2 54.5 1
11.5 25.6 13.4 27.3 13.5 26.4 11.2 24 7.7 20 4.8 15.9 2.4 12.4 1.3 11.4 2.1 13.1 4.6 16.1 6.7 19.3 9 21.9 54.4 63.9 50.9 57.5 45.2 59.2 51.4 68.4 1
9.5 23.6 10.8 26.1 11.2 27.1 10.1 24.1 8.2 19.8 6.5 15.7 5 12.9 4.2 12.2 4.8 13.2 5.9 15.1 6.6 17.4 7.8 20.1 31.6 44.8 43 68.8 72.2 76.6 51.5 72.5 1
10.7 20.2 11.8 21.5 12 21.6 10.8 20.1 8.9 17.3 6.9 14.4 5.1 11.9 4.5 11.6 5.2 13 6.4 15 7.7 16.9 9.2 18.5 40.5 57.4 45.5 52.2 52.6 54.3 51.5 63 1
11.6 27.6 13.2 29.8 13.5 29.8 11.3 26.4 8.4 21.4 6.2 17.1 4.4 13.9 3.7 13.3 4.4 15 5.6 17.5 7.2 20.9 9.5 24.6 23 27.4 24.1 47.2 47.3 50.2 33.7 46.7 1
11.6 22.4 12.6 23 12.8 22.3 11.4 20.1 8.6 16.4 6.1 12.9 3.5 9.8 2.5 9.2 3.2 10.9 5.3 14.3 7.6 17.5 9.6 20 124 172.3 104.2 168.7 82.4 118.5 73.4 103.8 1
11.4 22.2 12.7 24.7 13.3 25 12.1 22.5 9.7 18.8 7.4 14.9 5.6 12.5 4.6 11.8 5.4 13.2 6.6 15 8.3 17.7 9.8 19.9 49.3 70.8 60 87.6 78.5 90.4 81.3 88.9 1
8.7 21.1 10.2 23.2 10.3 23.1 8.9 21 6.6 17.3 4.7 13.9 2.8 11.4 2.2 10.8 3 12 4.2 14.1 5.6 16.4 7 18.6 40.1 51 38.8 62.9 60.7 78 50.9 63.3 1
12.1 23.9 13.7 25.8 14.2 25.9 12.7 24 10.2 20.6 7.9 17.1 5.6 14.2 4.8 13.7 5.6 14.9 6.7 17 8.3 19.4 10.2 21.6 43.3 49.4 35.1 55.3 37.2 50.7 48.4 62 1
10.5 24.2 12.1 25.2 12.3 24.2 10.5 22.1 7 18.6 4.2 14.5 2 11.1 0.5 10.3 1.7 11.8 3.4 14.8 6.4 18.3 8.4 21.1 73.5 117.1 71.3 97.1 48.5 76.2 61 80.2 1
12.8 24.1 14.2 25.8 14.5 25.8 13.1 23.8 10.7 20.2 8.6 16.6 6.8 14 5.9 13.4 6.6 14.9 7.9 17.1 9.4 19.6 11.1 21.8 47.2 59.3 51.3 58.3 48 50.5 59.1 67.6 1
13.7 23.1 15.1 24.3 15.4 24.6 13.9 23.4 10.9 21.2 8.2 18.7 5.8 16.3 4.4 15.8 4.9 16.7 6.9 18.3 9.4 20 11.6 21.2 76.6 78.6 65 91 41.2 69.2 56.3 87.6 1
12.1 23.1 13.4 25 13.9 25 12.9 23.3 10.9 19.4 9.1 16.2 7.2 13.5 6.5 12.8 6.9 13.8 8 15.9 9.5 18.1 10.7 20.3 42.8 54.6 50.4 70.4 68.3 71.2 59.5 72.4 1
5.6 14.2 7.5 16.2 8.6 17.3 6.6 14.4 3.8 10.2 1.2 6.5 -1.5 3 -2.9 1.5 -2.4 2 -0.5 5.1 1 7.8 4 11.5 42.5 73.5 59.5 102.1 91.6 125.2 85.1 101.7 1
9.8 19.9 11.5 22.1 12.6 22.9 11.3 19.7 9 15.4 6.9 11.7 4.4 8.8 3.6 8.2 4.2 9.6 5 11.6 6.8 14.8 8.3 17.3 54.1 94.7 80.4 135.3 95.6 120.6 106.8 119 1
6.7 16.4 8.6 18.9 8.4 18.4 6.7 16.2 5.1 12.7 1.8 8.3 -1.2 4.8 -2.6 2.5 -2.7 2.9 -0.1 7.3 0.8 8.9 4.9 13.8 103.8 155.2 118.2 271.5 252.5 339.7 196.5 284.7 1
14.6 25.1 15.9 25.8 16.3 25.8 14.8 24.5 12.1 22.1 9.7 19 7.6 16.4 6.2 15.8 6.7 17.1 8.3 19.4 10.6 21.5 12.6 23.1 73.7 125.7 92.5 130.4 55.7 110.9 68 113.3 1
9.9 23.8 11.9 25.7 12 25.2 9.6 22.3 6.1 18 3.7 13.7 1.4 10.3 0.5 9.2 1.3 10.5 3.3 13.4 5.6 16.9 7.5 20 70.6 92 53.2 69.8 64.9 97.5 71.8 89.1 1
11.8 23.5 13.1 25.3 13.5 25.4 12 23.8 9.2 20.8 7.1 17.7 5.2 15.1 4.2 14.7 4.8 15.9 6.3 17.7 8.3 19.7 10.1 21.4 57.5 78.5 67.9 74 59.3 85.6 71.8 78.4 1
11.3 23.2 12.7 25.2 13.1 25.3 11.5 23.4 8.5 20.2 6.3 16.7 4.2 14.2 3.3 13.7 4.2 14.9 5.6 16.9 7.6 19.1 9.4 21 40.2 56.2 48.4 55.8 41.9 47.6 54.2 62.7 1
12.1 23.7 13.2 25.7 14.1 26.6 12.7 23.9 10.5 19.9 8.7 16.4 6.3 13.3 5.8 12.7 6.6 14 7.7 16.1 8.9 18.8 10.5 21.2 43.5 70 59.7 95.5 67.1 87.6 69.5 80.7 1
11.4 27.6 12.7 29.5 12.9 29.3 10.8 26.1 7.7 21.1 5.2 16.8 3.4 13.3 3 12.6 3.4 14.3 5.2 17.3 6.9 20.6 9.1 24.3 33.8 38.2 41.2 56.9 61 66.4 46 57.6 1
10.5 21.2 11.9 22.9 12 23 10.5 21.8 7.8 19.2 5.7 16.6 3.7 14.4 2.5 13.8 3.6 14.6 5.1 16.1 6.8 18.2 8.9 19.7 54.6 67.1 62.9 66.7 67.3 76.2 60 68.2 1
9.2 19 10.7 21.3 11.4 21.8 9.9 19.3 8.1 16 7.6 14.3 5.8 12.5 4.8 12.2 5.8 13.2 6.3 14.4 7.2 15.9 8.1 17.7 71.2 84.6 86.4 134.3 144.1 162.1 93.4 125.2 1
10.4 20.5 11.6 22.2 11.7 22.2 10.3 20.8 8.1 18.6 6.2 15.9 4.4 13.8 3.6 13.2 4.3 14.1 5.7 15.9 7.1 17.7 8.9 18.9 42.2 61.6 47.5 51.4 44 58.1 40.7 53.7 1
11.9 27.4 13.9 29.1 14.2 28.8 11 25.5 6.6 21.4 2.6 16.5 0.8 13.1 -0.2 12.3 0.7 14 4.2 17.4 6.1 20 9.2 23.4 51.5 67.1 42.7 50.5 50.7 56.8 60 78.6 1
11.8 24.2 13.5 26 14 26.6 12.6 23.9 10.1 20 8.3 16.5 6.1 13.5 5.2 12.9 5.8 14.2 7 16.3 8.4 18.9 10.1 21.5 41 49.2 38.7 46.6 36.1 40.4 49.7 60 1
10.2 20.6 11.4 22.5 11.6 23.5 11 21.8 9 18.8 7.4 16.2 5.7 13.7 5.1 13 5.7 13.8 6.6 15.2 7.4 17.1 8.7 18.8 32.9 44.4 47.6 77.5 76.9 88.3 54.8 73.7 1
11.1 24.8 12.3 27.1 13.1 26.5 11.5 24.4 9.3 19.9 7.3 16 5.1 13 4.8 12.7 5.3 14.1 6.6 16.6 8 19.1 9.3 21.5 54.2 66.2 50.5 70.9 50.6 59.9 65.3 72.2 1
16.6 25 17.9 25.6 18.3 25.6 16.8 24.5 14.2 22.5 11.9 20 9.5 17.5 8.5 16.9 8.8 18.2 10.6 20.2 12.7 22 14.3 22.8 95.2 156.4 110.8 176 62 114.6 67.8 116.6 1
11.4 21.6 12.8 23.7 13.2 24.7 12 22.5 10.2 19.4 8.5 16.7 6.6 14.1 6 13.4 6.7 14.3 7.6 15.9 8.7 17.9 10.1 19.6 45.3 60.4 62.5 98.4 96.4 102.3 69.9 89.5 1
10.9 24.4 12.2 26.9 12.3 27.4 10.5 24.3 8.6 20.6 7.4 16.8 6 13.8 5.2 13.1 5.7 14.1 7.2 16.9 8.1 19.5 9.3 21.4 48.7 60.4 51.7 70.8 60.8 72.7 68.2 77.7 1
14.3 21.6 15.8 23.3 15.9 23.6 14.9 22.5 12.5 19.8 9.9 17 7.9 14.8 6.9 14 7.9 14.8 9.4 16 10.9 17.6 12.6 19.6 74.3 91.4 86.4 100.4 111.4 125.6 80.2 92.9 1
10.8 21 12.1 22.3 11.6 21.8 10.3 20.1 6.9 17.4 3.7 14 1 11.3 0.8 10.7 2.1 12.1 4.3 14.5 6.5 17.11 8.6 19.1 41.7 46.4 53.3 57.6 50.5 68.3 41 49.9 1
10.4 17.4 11.5 18.9 11.5 18.9 10.3 17.4 8.3 15.5 5.8 12.8 3.8 10.3 3.2 9.9 4.1 11 5.7 12.9 7.2 14.8 8.6 16 73.8 87.8 71.4 89.2 90.1 100.1 70.6 90.3 1
11 22.3 12 24.4 12.3 24.9 10.9 23 8.3 20 5.9 16.7 4.1 14.2 3.3 13.8 4.2 14.6 5.9 16.2 7.8 18.1 9.3 20.1 62.2 98.5 90.8 105.3 116.3 137.3 95.7 107.3 1
10.6 18.2 11.7 19.6 11.9 20.1 10.5 18.9 8.3 16.7 5.9 14.2 3.8 12.4 3 12.1 3.9 12.6 5.7 14 7.5 15.1 8.7 16.6 172 277.8 217.4 248.7 223.8 232.5 240 285.6 1
13.6 22 15.1 23.9 15.5 24.4 14.7 23.1 13 20.8 11 18.3 9.2 16.2 8.4 15.4 8.5 15.6 9.4 16.7 10.6 18 12.1 19.8 88.4 93.9 76.5 114.2 147.9 166.6 96 125.4 1
13.4 23 14.6 24.4 14.5 24.1 12.8 22.6 10.2 19.9 7.1 17.1 4.9 14.5 4.6 14.1 5.2 14.8 7.1 16.9 9.4 19.2 11.1 21 47.7 61.7 62.5 84.7 67.4 91.5 54.6 64.5 1
11.8 20.6 13 22.3 12.9 22.4 11.4 20.7 8.3 18 4.9 15.3 2.4 12.9 1.6 12.3 3 13.1 5.4 14.9 7.8 16.8 9.7 18.6 54.2 75.6 76.7 83.6 83.7 90.9 69.8 93.2 1
12.3 19.7 13.7 21.6 13.7 22.2 12.6 20.9 10.6 18.6 8.6 16 6.7 14 5.9 13.3 6.4 13.7 7.9 14.9 9.3 16.1 10.7 17.8 89.9 101.8 109.1 134.5 129 146.6 111.9 131 1
11.3 20.9 12.5 22.7 12.7 23.2 11.2 21.4 8.9 18.6 6.5 15.4 4.6 13 4.2 12.5 4.8 13.2 6.6 14.9 8 16.7 9.4 18.5 56.4 84.9 67.2 85 70.5 89.2 72.2 84.6 1
9.4 20.7 10.7 22.6 10.6 22.7 8.8 19.9 6.2 16.1 3.3 11.9 0.7 8.6 0.1 8.2 1.3 10.3 3.6 13.5 5.6 16.2 7.4 18.6 58.3 77.9 74.8 89.5 64.8 81.8 68.6 95.3 1
11.3 20.9 12.6 22.9 12.8 23 11.3 20.9 8.7 18.2 6 15.1 4.2 12.6 3.4 12 4.1 12.8 5.8 14.6 7.7 16.6 9.4 18.7 90 114.4 109.3 115.8 137.6 143.9 102.5 114.6 1
13.2 19.6 14.4 21.3 14.3 21.1 13.5 19.8 11.3 17.3 9.1 14.8 7.3 12.8 6.4 12 6.9 12.7 8.3 14.2 9.7 15.9 11.3 17.8 48.4 74.1 76.1 99.3 106 113.4 73.8 81.6 1
11.5 20 13.6 22.4 13.4 22.5 10.8 18.7 7.6 14.4 3.7 9.1 1.9 6.5 0.7 5.6 0.6 6.4 2.9 9.9 4.8 13.1 8.9 17.7 63.7 77.6 63 79.4 53 79 53.8 72.9 1
10.1 21.1 12.1 23.4 11.5 23.5 8.9 19.6 5.7 14.9 2.6 9.2 0.8 6.4 -0.5 5.5 -1 6.6 1 10.4 2.7 14 7.2 18.8 62.7 84.9 66 76.2 57.1 79.7 50.5 73.3 1
10.7 17.7 12.8 20.3 12.5 20.9 10.2 18.3 7.1 14.5 4 9.7 2.3 7.1 1.1 6.1 0.5 6.5 2.3 9.2 4.1 11.4 7.9 15.3 59.2 66.7 78.1 83.9 44.5 73.2 45.5 56.2 1
8.9 17.1 11.1 19.6 11.1 19.6 8.4 15.9 5 11.4 1 5.8 -0.9 3.3 -2.3 2.3 -2.4 3.2 -0.1 6.7 1.9 9.9 6.2 14.7 72.9 100.4 88.1 105.7 76 108.8 76.8 95.3 1
9.9 21 11.7 23.4 11.2 23.3 8.2 19.1 5.4 13.9 1.9 7.9 0.3 5.3 -0.8 4.4 -1.2 6 0.9 10 2.5 13.5 6.8 18.2 63.9 78.1 78.2 95.1 78.9 118.8 61.9 86.7 1
12.4 25 13.7 27.2 13.3 26.9 10.1 23.3 5.7 17.4 1.6 10.8 -2.6 5.2 -4.6 3.7 -2.3 6.8 0.7 12 4.7 17.2 9 22 93 111 74 91 63 86 79 98 1
11.4 23.1 12.8 25.5 12.6 25.7 9.7 22 5.7 16.5 1.6 9.7 -2.8 3.5 -4.4 2.7 -2.3 5.9 0.7 10.4 4.4 15.1 8.5 20.3 71 91 70 94 67 85 70 82 1
12 24.2 13.2 26.3 12.9 26.4 10 22.9 5.9 17.6 1.6 11 -2.5 5 -4.5 3.6 -2.3 6.8 0.6 11.7 4.7 16.7 8.8 21.4 84 111 56 71 55 72 61 92 1
12.1 23.5 13.8 25.9 13.4 26 10.4 22.6 5.7 16.6 1.2 9.6 -2.7 4.1 -4.9 2.2 -2.9 4.9 0.3 9.8 4.8 15.7 9 20.3 51 75 35 48 28 40 38 73 1
13.5 25.6 15 28 14.4 27.6 10.9 23.5 6.2 17.3 2.2 9.8 -1.5 4.4 -4.2 2.6 -2.9 5.5 1.2 11.7 5.7 17.3 10.4 22.4 57.6 81.8 54.3 61.3 41.8 54.7 45.3 69.2 1
12.7 24.6 14.2 26.7 13.7 26.2 10.4 22.3 5.8 16.2 1.8 9.3 -1.9 4.4 -4 3.1 -2.5 6.1 0.9 11.3 4.9 16.4 9.2 21.3 81 99.3 71.6 84.8 41.9 63.8 51.6 78.8 1
11.4 22.6 12.7 24.5 12.6 24.2 9.5 20.2 5 14.1 0.9 6.6 -3 1.9 -5.2 0.2 -3.3 3.1 -0.2 8.5 3.9 14.4 8.3 19.5 56.3 72.2 30.7 37.6 23.8 27.1 24.4 61 1
10.6 21.9 11.9 23.6 11.6 23.4 8.7 19.4 4.7 14 0.9 6.7 -3.2 2 -5.6 0.4 -4.1 2.8 -0.8 7.7 3 13.5 7.3 18.9 91.1 104.4 42.3 58.8 26.7 34.3 34 91.2 1
10.5 21.4 11.9 23.3 11.7 23 8.7 19 4.3 13.1 0.2 6 -3.3 2 -5.4 0.4 -4 2.7 -1 7.7 2.6 13.3 7.1 18.3 66.2 72.7 30.5 40 22.6 25.3 28.1 77.2 1
11 19 13 20 13 20 10 17 7 12 3 7 -1 4 -2 2 -2 2 -1 5 2 10 7 15 45 57 47 53 24 47 34 40 1
7 11 8 13 9 13 7 11 5 9 3 7 2 6 1 5 2 6 2 6 3 7 5 9 61 83 127 155 95 142 70 132 1
13 23.5 15.1 26.4 15.2 26.6 12.5 23.7 9.5 18.8 5.5 13.4 3.8 10.7 2.8 10 3.4 11.7 4.6 14.5 6.6 16.5 10.3 20.5 54.5 63.8 90.3 106.8 82.6 106.7 70 83.8 1
10.8 18.1 12.8 20.4 13 20.6 11.4 18.7 9.3 15.3 6.5 11.9 5.2 10 4.2 9.1 4.2 9.4 5.1 11 5.8 12.5 8.5 15.6 50.9 60.4 89.2 121 115.8 141.6 72.6 97.5 1
11.2 22.5 13.4 25.9 13.2 25.8 10.3 22.2 7.1 16.9 2.6 11 0.7 8.2 -0.3 7.3 0.5 9.3 2.2 12.5 4.1 14.8 8.2 19.2 53.6 67.2 38.1 64.3 26.8 33.3 26.4 85.3 1
11 20 13.1 22.7 12.9 23.1 10.7 19.4 7.4 14.7 3.8 9.3 2.1 6.6 1 5.7 1 6.7 3.1 10.1 4.7 13.1 8.4 17.5 52.8 68.1 63.6 71.5 43.6 68.1 50.4 62.5 1
13.1 23.5 15.6 27 15.3 26.7 11.9 22.3 8.4 16.7 3.6 10.2 1.5 7.1 0.1 6.2 1.2 8.4 3.3 12.4 5.6 15.3 9.9 20 62 80.2 75.1 94.7 50.5 55.5 54.8 87.8 1
12 21.9 14.2 24.7 14 24.8 11.8 21.8 8.9 17 5.2 12.2 3.7 9.5 2.8 8.7 3 9.9 4.4 12.7 6 14.9 9.5 18.7 40.8 46.6 68.2 84.8 74.9 92.7 58 62.8 1
13.3 21.8 15.5 24.4 15.4 24.6 12.5 20.8 9.2 15.8 5.3 10.4 3.6 7.8 2.5 6.9 2.8 8.2 5.1 11.8 6.8 14.7 10.5 19 43 63.1 51.9 59.7 43.7 58.7 48.5 65 1
12.1 22.4 13.9 25.1 13.6 25 10.3 20.7 6.6 14.6 2.3 8.3 0.3 5.3 -1 4.2 -0.7 6.2 2.2 11.1 4.6 14.9 9 19.6 57.9 76.7 49.8 62.1 30 44.5 36.1 78.2 1
13.3 24.2 15.7 27.6 15.9 27.5 12.9 24.2 9.6 18.9 5.2 13 3.3 10.1 2.2 9.4 3.2 11.2 4.5 14 6.5 16.2 10.3 20.5 45.4 64.4 50.7 52.3 51.3 52.2 53.8 77.2 1
12.3 21.6 14.3 23.7 14.1 23.6 10.6 18.8 6.4 13.4 2.2 7.1 -0.4 4.4 -1.9 2.9 -1.5 4.2 1.3 8.5 4.2 13.2 9 18.9 55.5 68.7 37.3 45.1 33.3 55.3 37.1 53.8 1
10.3 20.2 12.4 22.4 12.1 22.6 9.3 18.4 5.8 13.5 2.3 8 0.3 5.1 -1.1 3.9 -1.1 4.8 1.3 8.7 3.4 12.8 7.4 18 61.2 73.4 55.4 60.1 35.6 61.6 40.8 54.2 1
11.8 21.3 13.7 23.6 13.6 23.7 10.4 18.8 6.4 13.5 1.9 6.9 -0.6 4 -2.2 2.7 -1.8 4.1 1.3 8.4 3.9 12.9 8.6 18.7 68.5 82 44.5 53.5 34.9 56.9 43.1 60 1
10.2 20.1 12.1 22.5 12 22.7 9.1 18.3 5.1 12.7 0.9 6.4 -1.5 3.4 -3.1 2.2 -2.9 3.2 0.3 7.8 2.8 12.2 7.1 17.5 52.8 62.5 36.8 40.5 23.8 31.5 35.5 54.8 1
11.6 19.9 13.7 22.2 13.7 22.3 11.1 18.3 7.6 13.7 3.6 8.2 1.6 5.6 0.2 4.5 0.3 5.5 2.9 9.1 5 12.7 9.1 17.6 78.8 92.8 75.1 81.1 58.1 93.1 61 78.2 1
11.7 22.3 13.7 24.8 13.4 24.8 10.1 20.1 6 14 2.1 7.7 0 5 -1.3 4 -1.2 5.6 1.9 10.4 4.1 14.5 8.4 19.5 52.9 64.9 50 54.6 37.1 55.7 42.8 60.2 1
13.2 22.7 15.5 25.3 15.4 25.2 12 21 7.9 15.1 3.4 9.1 1.1 6.3 -0.1 5.1 0.5 6.8 3.6 11.3 5.9 15 10.3 19.8 84 109 70.8 75.9 53.1 73.6 58.3 102.8 1
10.5 19.9 12.7 22.1 12.5 22.2 9.6 17.9 6 13 2.4 7.5 0 4.6 -1.4 3.5 -1.2 4.4 1.1 8 3.3 12.3 7.4 17.5 73 76.9 63.6 69.4 42.4 77.7 45.6 62.9 1
10.5 20.6 12.6 22.8 12.2 22.9 9.5 18.6 5.9 13.4 2.4 7.7 0.2 4.9 -1.3 3.8 -1.4 4.7 1.1 8.7 3.2 13 7.3 18.2 58.7 71.2 48.8 54 36.1 62.2 43.6 52.7 1
11 20.3 13 22.6 12.7 22.8 9.8 18.4 5.9 13 2.1 6.7 -0.2 3.9 -1.5 2.8 -1.5 4.2 1.5 8.7 3.9 12.8 8.1 17.9 56.6 76 51.8 59.3 40 67 44.8 64.3 1
10.2 18.8 12.8 21.3 12.6 21.3 10.4 17.3 6.5 12.6 2.5 7.1 0.4 4.8 0 4.5 0.4 5.2 1.5 7.7 3.8 11.5 7.1 16.2 70.5 87.8 56.8 74.2 50.3 76.6 42.4 61.6 1
10.7 21.3 12.8 23.7 12.3 23.7 9.6 19.6 6.2 14.6 2.5 9 0.6 6.2 -0.7 5.2 -0.9 6.6 1.7 10.5 3.6 14.2 7.7 19 65.3 87.6 61.7 69.3 46.6 70.7 50.5 72.4 1
11.4 21.5 13.3 23.7 13.3 23.9 10.2 19.3 6 13.7 1.8 7.2 -0.7 4 -1.9 3.2 -2 4.1 1.2 8.7 3.7 13 8.1 18.6 55.1 58.6 35.8 44.5 26.7 38.9 36.5 42.4 1
10.8 21.6 12.6 23.8 12.4 24 9.5 19.3 5.5 13.9 1.7 7.5 -0.6 4.3 -2.1 3.2 -2 4.5 1 8.9 3.4 13.6 7.8 19.2 47.7 61.4 31.9 37.6 26.8 42.5 34.5 45.4 1
10.4 20.5 12.6 23.1 12.3 23 8.9 18.8 4.7 13.2 0.2 6.9 -2.3 3.7 -3.7 2.7 -3.2 4.3 0.1 9 2.8 12.5 7.2 18 110.5 131.6 65.4 86.3 45.2 60.8 57.7 93.4 1
11 21.7 13 24 12.6 24 9.1 19.3 5 13.4 0.9 6.8 -1.5 3.8 -2.9 2.7 -2.8 4.5 0.4 9.3 2.9 13.5 7.7 19.1 60.3 75.2 44.5 51.4 34.1 52.1 41.3 59.3 1
7.9 19.1 10.2 21.7 10.1 21.5 6.8 18.2 2.8 13.6 -2.4 7.2 -5.3 3.6 -6.6 2.9 -6.1 4.4 -2.8 8.1 0.3 11.4 4.6 16.7 199.8 229.1 114.6 145.2 111.8 134.5 121 139.9 1
10.9 21.9 12.8 24.1 12.6 24.2 9.3 19.3 4.9 12.7 0.6 5.6 -2 2.4 -3.6 1.2 -3.1 3.4 0.5 9.1 3.2 13.9 7.8 19.4 64.7 81.4 48.5 52.1 34.1 50 38.6 57 1
11.9 18.7 14.1 21 14.2 21.3 11.1 17.4 7.3 12.7 3.2 7.4 0.6 4.5 -1.1 3 -0.8 3.6 1.3 6.8 4.1 10.6 8.3 16 57.3 65.8 44.2 56.3 29.7 50.5 35.8 47.9 1
10.9 20.4 13 22.9 12.9 23 9.8 18.7 6.1 13.3 1.8 7.1 -0.2 4.4 -1.4 3.3 -1.1 5 1.7 9.2 3.9 12.9 8.1 17.7 59.7 78 66.1 84.4 59 93.3 56.8 74.1 1
11.9 21.1 14.1 23.9 13.9 23.9 10.5 19.7 6.5 14.2 2 8 -0.1 4.9 -1.3 4 -0.9 5.5 2.2 10 4.5 13.6 8.9 18.5 63.9 92.5 49.7 53.9 33.5 48.6 39.3 82.4 1
11.1 21.3 13 23.8 12.8 23.9 9.8 19.5 6.3 13.7 2.3 7.4 0.4 4.7 -0.9 3.7 -0.8 5.3 2 9.8 4 13.7 8.2 18.6 59.6 72.3 62.2 70.7 52 76.8 52 67 1
13.9 24.4 15.4 26.5 14.9 26 11.5 22.1 6.7 16.1 2.1 8.1 -1.8 3.1 -4 1.2 -1.7 4.5 1.7 10.2 6.3 16.3 10.8 21.4 51 63 33 52 31 40 29 55 1
13.1 24.6 14.4 26.5 13.7 26.1 10.3 22.4 5.3 16.5 1.3 8.5 -2.8 2.6 -5.5 0.6 -3 4.1 0.6 10.4 5.4 16.6 10.1 21.7 61 80 31 45 30 44 34 59 1
13.1 24 14.4 26.2 14.1 25.6 10.8 21.6 5.9 15.9 1.9 8.3 -1.9 3.3 -4 1.9 -2 4.6 1.4 10.2 5.5 16 9.9 21.1 53 65 35 53 32 38 28 55 1
13.6 24 15 26.3 14.7 25.9 11.7 22.3 7 16.6 2.2 8.8 -1.7 3.4 -4 1.6 -1.7 4.8 1.6 10.3 6 16 10.5 20.9 61 84 37 56 32 44 38 63 1
13.4 25.3 14.4 27.4 13.9 27 10.4 23.4 5.6 17.6 1.7 9.5 -2.1 3.8 -4.8 1.7 -2.5 5.1 0.9 11.2 5.5 17.1 10.3 22.3 50 72 26 41 25 40 29 51 1
6.7 11.7 8.3 13.3 7.9 13 5 10.1 2.2 6.8 -1.3 3.4 -2.8 2.2 -3 1.9 -2.1 2.8 -2 3.2 0.4 5.7 3.6 9.4 50 61.8 66.5 85.6 71.8 78.7 43.8 81.8 1
9.5 15.7 11.1 16.8 11.1 17.2 9.8 15.7 8.2 13.4 5.1 10.3 4.3 9 3.1 8.2 2.9 8.3 3.9 9.7 4.9 11.6 7 13.7 67 94 108 133 80 124 58 96 1
9.2 16.6 11.1 18.5 10.9 18.2 9.4 16 7.5 13.1 4.5 9.9 3.7 8.5 2.6 7.6 2.5 7.5 3.1 9.3 4.2 11.3 6.5 13.8 66 89 96 125 116 138 68 99 1
9.6 15 11.4 16.2 11.4 16.6 10.1 15.3 8.3 13 5.2 9.8 4.2 8.4 3.2 7.6 2.9 7.5 3.7 8.7 5 10.3 7.1 12.7 64 91 102 118 76 114 58 86 1
9.6 17.2 11.4 18.9 11.1 18.6 9.6 16.6 7.6 13.7 4.2 9.8 3.2 8.4 2.5 7.6 2.5 7.5 3.1 9.5 4.4 11.4 6.8 14.2 50 70 65 70 50 76 51 55 1
9.9 16.9 11.9 18.5 11.6 18.2 10.1 16.2 7 13.2 4.4 10.2 3 8.9 1.8 7.3 2 7.8 3.2 9.5 4.7 12.4 6.6 14.2 58 115 107 132 65 124 52 104 1
8.4 18.1 10.4 19.9 9.9 19.6 7.9 17.2 6.1 13.9 2.8 10.1 2.1 8.4 1.4 7.7 1.6 7.9 2.3 10 3.4 12.4 5.6 15.1 50 69 73 84 66 88 51 63 1
9.6 15 11.4 16.2 11.4 16.6 10.1 15.3 8.3 13 5.2 9.8 4.2 8.4 3.2 7.6 2.9 7.5 3.7 8.7 5 10.3 7.1 12.7 64 91 102 118 76 114 58 86 1
10.1 17.9 12 19.4 11.7 19.2 10.1 17.2 8 14.2 4.5 10.4 3.6 8.9 2.6 8.2 2.7 8.5 3.6 10.5 4.8 12.7 7.3 15.3 57 82 82 95 72 100 56 72 1
10.9 18.3 13.6 19.9 13.6 20.1 10.2 16.4 6.4 11.5 1.7 6.2 -2.5 2.3 -5.2 -0.4 -5.1 -0.4 -2.2 3.2 2 8.9 6.9 15 56 83 80 90 31 68 36 39 1
10.2 19.9 12 22 11.8 21 9.3 18.2 5.7 13 1.2 6.6 -1.3 3.3 -2.3 2.3 -1.8 4.2 0.6 8 3.3 12.1 7.1 16.8 68.4 82.2 70 83.2 61.7 79.6 61.2 81.2 1
10.4 19.2 12.5 21.4 12.3 21.8 10.2 18.4 7 14.1 3.9 9.2 1.9 6.5 0.5 5.4 0.2 6 2.4 9.2 4 12.4 7.8 17.1 61.4 67.5 82.1 89 43.4 74.9 41 58.9 1
10.2 19.8 12.5 22.1 12 22.3 9.6 18.7 6.5 14.2 3.2 9.1 1.3 6.4 0 5.2 -0.1 6.1 2 9.6 3.5 12.9 7.5 17.6 58.2 71.7 72 81.2 47.5 76.8 44.5 65.4 1
10.9 17.4 13.3 19.7 13.5 20.2 11.2 17.6 8 13.7 4.5 9.3 2.3 6.6 0.8 5.2 0.6 5.2 2.5 7.9 4.4 10.7 8.2 14.9 53.2 60 86.6 91.9 39.6 71 34.9 53.8 1
9.1 19.4 11.3 21.4 11.1 21.9 8.8 18.2 5.6 13.5 2.5 8.4 0.5 5.5 -0.8 4.4 -0.8 5 1.2 8.6 2.7 12.2 6.5 17 56.6 73 69.8 78.1 44.9 75 44.1 61.3 1
10.9 20.3 13 22.5 12.8 22.7 10.1 18.8 6.6 14.2 3 8.7 1.2 6.1 -0.1 5 -0.2 5.9 2.2 9.7 4 13 8 17.8 58.1 73.9 60.4 66 50.7 70.2 46 63.8 1
9.5 19.8 11.7 21.9 11.2 22.1 9 18.3 5.9 13.6 2.6 8.3 0.8 5.5 -0.6 4.4 -0.7 5.3 1.5 9 2.9 12.7 6.9 17.4 59.8 73.8 64.2 67.4 42.9 76.7 46.3 65.6 1
12.1 18.4 14.5 20.9 14.9 21.3 12.8 18.2 9.4 14.2 5.6 9.6 3.3 6.9 1.9 5.6 1.7 5.9 3.7 8.7 5.7 11.6 9.4 15.9 57.4 65.5 69.9 79.8 41 66.9 41 52.6 1
10.2 16.8 11.5 17.6 11.6 17.4 9.1 14.2 6.6 11.2 2.8 6.9 0.6 4.7 -0.4 3.6 -0.5 4 0.9 5.9 3 9.1 7.2 14 132 190 259 283 152 235 106 170 1
9.4 18.6 11.1 20.1 10.4 19.3 7.8 15.6 4.7 11.4 0.2 6.2 -3.4 3 -4.8 1.3 -5.1 1.9 -2.2 4.4 0.7 8.9 5.6 14.3 75 118 141 164 80 121 59 87 1
11 19 13.3 21 13.1 21.3 9.7 16.9 5.8 12 1.5 6 -1.6 2.9 -3.4 1.4 -3 2.1 -0.5 5.5 2.7 10.1 7.4 15.6 55.8 66.7 42 54.9 17.9 33.7 22.4 48.9 1
11.1 21.7 12.7 23.4 12.3 23.4 8.8 18.5 4.3 13.5 -0.2 6.4 -3.5 2.4 -5.5 1 -4.2 2.9 -0.9 7.8 3.1 13.5 8 19.2 76.2 94 40.3 59.9 29.7 37.9 35.1 73.7 1
10.9 21.8 12.7 23.7 12.3 23.7 8.9 18.3 4.9 12.8 0.9 6.1 -1.9 2.8 -3.6 1.5 -3.1 2.9 -0.2 7.6 2.9 13.3 7.8 19.3 55.4 76 32.8 43.6 22.9 38.9 31.3 47.1 1
7.7 17 9.3 18.6 8.7 18.2 9.4 18.1 1.2 8.6 0.1 5.6 -3.2 1.7 -5.1 0.3 -4.2 1.7 -0.8 6.8 3.7 12.8 8.5 18.5 68 93 37 65 25 39 30 74 1
11 21.2 13.1 23.3 12.6 23.2 9.4 18.3 5.6 13 1.7 6.7 -0.9 3.6 -2.7 2.3 -2.2 3.6 0.2 7.9 3.1 13 7.6 18.8 53 65 37 44 28 45 35 48 1
11.3 21.9 12.9 23.6 12.3 23.4 8.6 17.9 4.4 12.3 0.3 5.5 -2.8 1.9 -4.8 0.4 -4 1.9 -1 6.8 3.1 13.1 8.1 19.3 59 73.2 36.6 49 22 34.6 28.1 50.7 1
14.5 25 16 26.8 15.7 26.5 11.9 22.6 6.6 15.9 1.9 8.5 -2.7 2.6 -5.7 0.2 -3.7 1.8 -0.2 7.9 5.6 15.9 11.1 21.6 56 76 28 48 36 40 33 56 1
13.8 25.8 15.5 27.4 14.7 27.3 10.3 23 5.3 16.1 1.3 8.6 -2.8 3.3 -6.1 0.7 -4.3 2.3 -0.7 7.8 5.1 16.5 10.3 22.5 49 72 26 38 33 38 28 52 1
15 25.3 16.3 27.3 16.1 27.3 13 23.7 8.3 18.1 4 11 -0.2 5.3 -2.3 3.5 -0.2 6.4 3.3 11.9 7.8 17.5 12.1 22.5 51 90 40 54 44 58 50 71 1
13 25 14.2 25 13.7 27.2 10.7 23.9 6.3 18.2 2.4 11.5 -1.6 5.6 -3.8 3.8 -1.7 6.7 1.4 11.8 5.5 17.3 10.1 22 53.3 84.7 38.2 48.2 38.7 47.6 44.4 73.8 1
13.4 25.9 14.5 28 14.4 28.5 11.1 24.8 6.5 18.9 2.4 11.7 -1.4 5.4 -3.5 3.8 -1.3 7.1 1.8 12.3 6.1 18 10.4 22.9 43.3 69.7 34.1 56.8 40.3 53.6 45.3 66.7 1
13.6 25.2 14.7 27.2 14.2 27.2 11.2 23.7 6.3 18 2.2 10.3 -1.9 4.5 -4.4 2.5 -2.3 5.7 1.2 11.5 5.8 17.2 10.6 22.2 55.3 82.5 34.8 45.9 34.8 44.2 40.7 56.9 1
11.4 23.9 12.5 26.4 12.3 26.7 9.4 23.1 5 17.1 0.9 10.2 -3.1 4.2 -4.9 2.4 -2.8 5.5 0.2 10.5 4.2 15.7 8.5 20.7 44 60.3 42.1 68.2 36.1 55.5 38.8 68.2 1
14 26.8 15.6 28.8 15 28.5 11.1 24.6 5.7 18 1.6 10 -2.6 3.8 -5.5 1.5 -3.3 4.1 0.3 10.5 5.6 18 10.5 23.3 58 77 32 49 36 43 38 70 1
12.9 24.5 14.7 26.9 14.5 26.7 10.7 21.7 5.6 15.4 1.4 7.6 -1.5 3.6 -3.5 2.4 -2.2 5 1.3 10.6 4.9 16 9.6 21.6 52 61 37 50 37 48 36 54 1
12.8 24.8 14.3 27 14.1 27 10.3 22.1 5.7 15.9 1.3 8 -1.8 3.7 -3.7 2.5 -2.3 5.5 1.3 11.1 5.1 16.5 10 22 53 59 39 51 27 39 28 57 1
11.8 23.2 13.4 25.1 13.1 25.1 9.2 20.3 4.5 14.3 -0.2 6.2 -3.9 1.4 -5.6 0.5 -3.9 3.2 -0.4 9.3 4.2 15 8.9 20.3 70 86 42 53 24 33 26 70 1
11.3 24 12.8 26.2 12.4 26.3 8.8 21.4 4.1 14.9 -0.2 6.7 -3.9 2.1 -6 0.9 -4.3 4.3 -0.6 10.1 3.5 15.8 8.3 21.1 50 77 44 50 24 33 29 71 1
10.1 22.2 11.5 24 11.2 24.2 8 19.2 3.9 14 -0.1 6.4 -3.7 1.9 -5.8 0.9 -4.6 3.7 -1.3 8.7 2.5 14 7.3 19.6 83 96 49 71 34 54 40 79 1
12.7 23.9 14.6 26.5 14.4 26.2 11 21.5 6.7 15.3 1.7 7.9 -1.7 3.4 -2.8 3 -1.9 6.2 1.4 11.2 4.9 13.5 9.5 20.8 117 154 131 147 71 103 87 113 1
13.7 19.8 15.6 21.8 16 22.5 14.8 21.5 12.6 18.7 10.3 15.8 8.9 14 7.6 13.1 8 13.7 8.6 14.9 9.4 15.5 11.4 17.4 30 42 68 114 102 135 79 85 1
12.6 22.6 14.8 25.2 15.2 25.5 13.2 24.4 10.8 20.8 7.6 16.4 6 14 4.7 13.2 5.1 14.5 5.7 15.9 7.1 16.8 10.1 20.1 62 82 74 141 97 126 90 124 1
11 20 13 21 12 21 9 16 6 12 2 6 -2 3 -3 1 -4 1 -1 5 2 10 7 16 59 75 80 83 40 72 41 49 1
11 20 13 21 12 21 10 17 7 12 3 7 -1 4 -3 2 -3 2 -1 5 2 10 7 16 52 61 57 61 30 58 38 41 1
11 21 13 22 13 20 9 15 5 10 1 5 -3 1 -5 -1 -5 -1 -3 3 1 9 6 16 45 72 50 55 27 46 26 30 1
11.3 22.2 13.3 25.3 13 24.4 10.3 20.8 6.6 14.9 2.1 8.4 -0.5 4.5 -1.9 3.7 -0.9 5.9 0.8 9.8 4.1 13.9 8 18.4 58 77 66 79 69 75 56 68 1
14.2 22.9 16.7 25.8 16 24.7 13.3 21.4 9.1 16.5 4.4 10.6 1 7.1 0.1 6.1 1.3 7.8 3.9 11.6 7.2 15.1 11 18.9 133 171 120 153 63 76 106 194 1
10.8 20.5 12.8 23 12.4 22 10 18.8 6.2 13.3 1.4 6.9 -1.7 2.9 -2.8 2 -1.9 4.2 0.6 8.3 3.7 12.6 7.7 17.3 117 133 69 92 67 73 69 103 1
12 24.8 14 27.6 14.2 27.7 11.2 23.6 7.2 17.7 3.1 11.6 0 7.2 -1.5 6.2 -0.9 7.6 1.2 11 4.6 15.1 8.7 20.4 30 33.5 47.9 90.5 53.7 71.3 55.9 56.7 1
8.6 16.5 10.4 17.9 10.3 17.6 8.8 15.5 6.8 12.5 3.3 8.7 2.3 7.3 1.4 6.5 1.3 6.4 2.1 8.4 3.4 10.7 5.7 13.6 57 83 82 94 60 87 57 70 1
9.2 18.8 11.1 20.6 10.8 20.1 8.8 17.6 6.2 13.8 2.9 9.2 1.3 7.1 0.3 6 0.1 6.2 1.5 8.9 3.3 11.9 6 15.3 47 67 53 59 48 66 48 55 1
10.6 19.2 12.5 21.1 12.4 20.5 10.5 18 8.1 14.3 4.5 10.2 2.9 8.1 2 7.1 1.8 7.2 3 9.7 4.7 12.6 7.7 16.1 67 85 94 111 82 116 62 86 1
8.7 17.3 10.3 18.8 10.2 18.5 8.4 16.2 5.9 13.2 2.1 8.7 0.9 6.9 0.3 6.2 0 6.5 1.5 8.7 3.1 11.1 5.7 14.2 51 65 63 67 42 58 41 51 1
10.1 19.1 12 21 11.7 20.8 9.9 18.4 7.7 15 4.1 11 2.9 9 2 8 2 8 2.9 10.2 4.4 12.7 7.1 15.8 45 54 57 73 71 93 50 61 1
8.5 18.2 10.4 19.9 10.5 19.9 8.7 17.3 6.3 13.4 2.9 8.8 1.2 6.7 0.3 5.8 0.2 5.9 1.6 8.7 3.1 11.3 5.5 15 51 65 55 57 45 61 48 54 1
11.6 20.3 13.7 22.3 13.4 21.9 11.4 19.1 8.9 15.2 5.1 10.4 3.4 8.2 2.4 7.2 2.5 7.6 3.8 10.3 5.6 13 8.7 17 48 54 53 57 36 57 47 51 1
10.2 18.2 12 19.6 11.9 19.5 10 17 7.5 13.7 3.6 9.1 2 7.1 1.3 6.4 1.2 6.6 2.5 8.9 4.3 11.6 7.3 15.3 65 79 74 78 50 78 51 61 1
10 17.1 11.8 18.8 11.7 18.7 10 16.6 7.5 13.4 4 9 2.4 7.2 1.6 6.4 1.5 6.4 2.6 8.6 4.3 10.7 7 13.9 52 71 54 65 42 63 47 53 1
9.6 18.3 11.5 20.2 11.5 20.4 9.7 18.3 7.2 14.6 3.5 9.8 1.7 7.4 0.7 6.3 0.7 6.5 2 9.1 3.9 11.3 6.8 15.1 50 56 50 66 39 58 44 47 1
11.5 17 13.4 19 13.6 19.2 12.5 17.5 10.9 14.8 8.2 11.8 7 10.4 5.9 9.5 5.5 9.2 6.1 10.3 7 11.9 9.1 14.2 49 62 68 95 83 101 50 74 1
8.3 14.4 9.9 15.5 9.8 15.7 8.4 13.9 6.4 11.9 3.1 8.6 2.3 7.4 1.7 6.7 1.4 6.8 2.3 7.9 3.3 9.6 5.9 12.1 63 84 116 138 85 128 61 105 1
10.3 16.9 12.2 18.4 12.3 18.5 11 16.7 8.9 14.2 5.6 10.6 4.1 8.7 3.2 7.7 2.5 7.7 3.8 9.1 5.1 11.4 7.7 14.4 52 74 74 99 56 94 49 65 1
9.8 16.1 11.7 17.7 11.9 17.7 10.7 16 8.8 13.4 5.9 10.5 4.4 8.7 3.4 7.7 2.9 7.4 3.8 8.7 4.9 10.7 7.2 13.7 54.8 67.7 80.3 97.5 60 93.8 50.3 65.6 1
11.8 19.2 14 21.4 14.4 21.8 12.9 19.3 10.6 15.7 7.4 11.8 5.5 9.5 4.3 8.1 4 8.7 5.4 10.9 6.6 13 9.4 16.6 37 48.6 70.3 107.9 73.6 110.5 52 70.8 1
11.1 16.9 13.2 19.2 13.7 19.5 12.5 17.6 10.5 14.7 7.7 11.4 6 9.6 4.7 8.4 4.4 8.2 5.2 9.6 6.2 11.2 8.7 14.4 37.6 46.2 66.8 97.9 76.5 107.3 49.6 66.7 1
12.89 21.92 14.29 22.64 14.33 22.45 12.25 21.21 6.55 18.15 1.2 15.28 -3.63 12.53 -4.33 10.79 -1.54 12.18 1.72 15 5.7 17.29 9.4 19.68 117.22 138.76 10.9 97.17 5.6 10.41 27.92 83.06 1
14.84 24.27 16.93 25.12 16.5 24.99 14.82 23.49 10.82 19.88 6.09 15.87 2.64 12.95 1.5 12.33 3.26 14.04 6.13 17.33 9.5 19.96 12.53 22.54 99.55 142.66 17.87 99.71 7.96 12.03 23.14 49.44 1
16.3 23.8 16.8 23.9 15.9 23.9 14.2 22.5 11.5 20.3 6.9 17.3 2.5 15 1.5 15.1 2.9 17.1 5.5 20.4 9.1 23.5 13.9 24.6 173.2 205.9 40.1 121.6 11.7 13.5 16.2 91.9 1
16.2 16.7 21.9 16.8 22.1 22.4 15.6 8.9 20.9 12.5 21.7 17.7 5.9 5.8 12.7 4.4 14.4 14.2 9 13.8 20.9 11.7 18.3 21.6 565.8 630.9 39 453.4 21.2 76.7 124.6 528.7 1
12.1 11.4 17.7 11.5 18.9 17.9 11.3 9.8 17.4 10.8 18.1 16.5 8.7 8.6 17.6 8.2 16.8 18.7 10.1 12.7 20.6 11.7 20.1 20.9 97.9 152.3 188.4 257.2 36.2 140.3 58.4 150.2 1
14.2 13.9 20.9 14.2 23.3 20.3 12.6 5.9 18.9 9.5 20.1 15.9 3.4 2.4 10.6 1.7 12.9 11.7 5.9 12.8 20.8 10.1 16.1 23.4 155.4 301.8 8.5 207.2 22.3 58.6 36.5 59 1
17.3 17.7 24 18 23.7 24 16.5 8.8 21.7 13.3 23.4 19 5.3 6.5 15.3 4.4 16.3 17 10.7 15.3 23.4 13.8 21.3 23.5 316.8 468.2 38.6 294.1 9.2 22.7 52.8 273.1 1
15.8 14.9 20.9 15.3 23.7 19.8 13.5 7 17.9 10.7 19.6 14.1 4.1 2.7 8.6 2 11.1 9.7 6.5 14.4 18.9 10.9 13.9 22.7 161.1 419 12 206.5 23.2 65.3 46.1 62.8 1
9 25 23.2 11.6 11.6 24.7 8.7 17.5 22.6 0.3 4.8 11.4 -4.6 3 5.7 -6.3 -7.9 4.5 -2.4 16.7 9.3 6 2.8 19.7 5.4 19.4 9.9 37.1 21.8 25.1 37.4 45.1 1
16.1 25.1 15.7 22.4 15.4 21.4 13.4 20.9 10.1 18.6 6.2 14.5 2.4 10.2 0.1 7.2 0.5 7.5 4.3 11.6 9.1 17.2 12.8 21.7 130.3 339.9 32.5 146.5 70.3 145 91.9 176.8 1
13.2 12.7 18.5 12.8 18.9 18.7 12.3 11.5 19.8 11.8 19.2 19.7 11 9.5 20 9.4 19.4 21.1 10.2 12.8 22.8 11.4 22.5 21.4 161 171.9 178.8 226.8 77.7 196 71.5 175.9 1
5.4 19.7 6.4 21.5 5.7 21.8 4 19 1.8 14.6 0.6 10.1 -1 6.7 -1.4 6.4 -0.9 7.9 -0.5 10.7 1.1 14 3.5 17.3 21.7 32 29.2 134 115.6 140.7 24.8 57.8 1
4.9 13.4 5.7 15 5.2 14.1 3.5 12.4 2.1 9.8 0.1 6.3 -1.3 4.6 -1.4 4.5 -1 6.1 0.5 8.8 2.3 11.1 3.9 12.9 30.7 41 47.8 54.5 46.2 60.7 34.6 39.5 1
15.4 15.8 16.3 25.4 25.6 25.8 15.4 12.8 10.2 24.9 22.3 21.1 7.8 8.1 9.2 18.3 19.4 20.9 10.8 12.5 14 21.3 22.6 24.5 142.1 165 90 126.6 74.5 98.1 115.4 134.2 1
8.6 9.1 19.6 9.4 18.5 19.2 8 6 15.2 6.7 17.8 12.7 4.1 4 10.3 3.9 10.7 11.1 4.2 7.2 14.4 5.5 12.8 16.6 90.1 103.1 98.9 234.1 208.5 228.7 111.9 145.9 1
5.7 6.2 14.7 6.5 14.1 14.4 5 1 9.8 3.2 12.8 6.4 -0.7 -0.1 3.7 -1.1 4.2 5.3 1 4.4 10.6 2.6 7.9 12.5 27.8 38.9 29.6 41.6 28.2 30.2 24.2 31.7 1
5.9 21.5 22 6.7 6.9 21.1 6.9 21.3 20.9 4.5 6.2 21.6 3.4 21.4 21.4 3.6 3.1 21.8 5 21.6 21.7 5.7 6.2 21.9 72.6 96.4 34.6 110.3 6.3 11.3 32.8 81.9 1
6.4 18.9 19.4 6.5 6.6 18.8 6.2 19.7 19.1 2.5 4.9 19.8 0.3 19.1 19.5 1.6 0.1 19.8 3.9 20.9 19.8 6.1 5.5 20.7 122.7 145.3 8.7 107 1.5 8.6 21.8 71.9 1
16.4 25.2 23.8 18.4 18.1 25.1 17.6 21.2 24 12.1 14.9 18.2 9.5 14.4 14.8 8.8 8.7 14.7 9.9 18.4 16 14.1 11.4 21 66.6 84.8 79.3 91.4 80.3 93.9 85 93.1 1
14.9 27.2 27.1 14.8 14.5 26.7 14.7 25.5 26.7 14.8 15.1 25.7 13 26.1 25.8 13.4 13 27.8 14.2 27 27.1 15.1 14.9 26.5 119.4 163.8 194.5 283.5 39.8 78.8 62.9 236.1 1
