16.5 27.5 16.1 28.1 16 28.3 16.1 27.8 16.3 27.2 16.4 27.7 16.5 27.5 16.1 28.1 16.2 28.2 16.3 28 16.6 27.6 16.8 27.2 99 136 180 256 138 168 202 256 0
21.8 32.1 21.7 32.6 21.8 31.9 21.8 31 21.6 30.2 21.6 29.8 21.2 29 20.6 28.6 20.8 29.9 21.2 30.7 21.6 31.1 21.8 31.4 104 189 182 467 347 495 236 308 0
18.9 28.3 18.3 29.4 18.9 29.4 18.9 28.9 18.9 27.2 18.3 26.7 18.3 27.2 18.3 28.3 18.9 28.3 18.9 28.3 18.9 27.2 18.9 27.2 71.1 119.4 160 231.1 78.7 114.3 137.2 238.8 0
22.6 30.7 22.6 30.6 22.6 30.6 22.6 30.6 22.7 30.3 22.6 29.9 21.6 29.4 20.8 29.8 21.3 30.7 21.7 31.2 22.4 31.4 22.4 31.1 292 355 291 352 158 203 235 302 0
17 26 16.7 26.7 16.6 26.9 16.6 26.3 16.6 25.8 16.8 25.7 16.9 26.2 16.8 26.9 17 27 17.2 26.9 17.2 26.3 17.1 25.9 125 186 191 271 136 179 202 250 0
23.1 31.5 22.9 31.2 23 31 22.9 30.7 22.8 30.4 22.9 30.2 23.1 29.7 23.1 30 23.2 30.2 23.3 30.4 23.4 30.8 23.3 31 755 840 638 719 517 580 524 719 0
23.5 29.1 23.3 29 23.3 28.8 23.4 28.7 23.6 28.7 23.3 28.5 23.4 28.7 23.3 28.8 23.4 29.2 23.5 29.4 23.6 29.5 23.7 29.4 109 225 133 148 158 329 300 373 0
21.1 29.3 21 28.6 20.8 28.9 20.7 29.4 20.6 29.1 20.4 28.3 19.5 27.8 18.6 27.5 18.9 27.8 19.4 28.5 20.1 29.1 20.9 29.7 443.7 509.8 375.8 470.9 238.5 451.9 215.4 430.4 0
22.8 30.3 22.5 29.6 22.4 30 22.4 30.6 22.2 30.4 22 29.6 21.2 29 20.6 29 20.6 29.1 21.2 29.8 22 30.2 22.7 30.5 299.6 438.6 146.3 380 228.1 448.7 196.4 327.3 0
18.9 27.7 18.8 27.2 18.6 27.5 18.7 27.9 18.5 27.5 18.3 26.6 18.6 27.5 16.5 25.7 16.4 26.1 17.2 26.9 18 27.4 18.8 27.9 250.7 276.3 251.4 262.1 145.5 287.1 85.6 232.6 0
24.5 30.1 24.6 30.2 24.3 30.5 23.8 30.4 23.2 29 22.8 29.6 22.2 28.6 21.8 28 21.6 28 21.8 28.4 22.5 29.1 23.7 29.6 162 243 298 374 107 240 122 220 0
24.3 30.2 24.3 30.2 24 30.5 23.3 30.7 23 30.5 22.7 29.9 21.9 28.9 21.4 28.3 21.3 28.4 21.5 28.8 22.2 29.5 23.4 30.1 169.6 251.7 224.3 270.2 89.1 158.6 87.7 123.2 0
22.2 32 21.7 31.5 21.8 31.8 22 31.9 22 31.7 21.8 31.6 20.6 31 20.4 30.8 20.2 30.7 20.5 31 21.4 31.4 22.2 31.9 259 440.7 150.5 311.2 123.9 563.6 83.8 369.1 0
23.2 30 22.6 28.7 22.6 28.3 22.9 29 23.8 29.5 23.2 30.6 23.8 31 23.9 31.8 25.3 32 23.9 32.1 23.7 32 23.6 31.4 239.8 312.8 160.2 482.8 59.3 84.2 194.2 295.9 0
22.6 30.8 23.4 30.4 23.3 30.4 23 30.8 22.6 30.4 21.2 29.5 19.6 28.4 18.8 27.7 18.4 27.7 19 28.1 20.3 29.1 21.6 30.3 219 364 256 316 150 266 97 108 0
23.5 29.9 23.8 30.6 24.1 30.8 24.1 30.4 23.4 28.8 22.8 28.2 22.2 27.9 21.9 27.7 22.2 28.2 22.8 29.4 23.8 30.5 23.7 30.1 79 101 167 213 81 85 90 139 0
21.9 29.4 22.5 30.1 22.7 30.3 22.4 29.5 21.4 28.8 19.5 27.3 17.8 25.6 17.1 24.8 17 24.9 17.3 25.8 18.7 26.9 20.4 28.4 357.3 410.1 228.3 478.4 218.2 288.6 121.1 169.7 0
23.9 30 24.1 29.8 24.6 30.4 24.8 31 25 31.4 25.4 30.5 24.6 29.1 23.9 28.3 23.9 28.4 24.2 29.1 24.3 29.6 24 30.1 262 379 124 177 63 97 121 215 0
18.6 25.6 18.1 25.5 17.9 26 18.2 26.7 18.5 26.6 18.4 26.3 18.5 26.9 18.8 27 19.3 27.6 19.2 27.1 19 26.3 19.1 25.7 71.9 116.3 75.7 164.8 72 124.9 189.6 274.9 0
24.8 29.4 25.1 29.8 25.2 29.9 25.5 30.1 25.5 29.8 25.3 29.3 24.7 28.5 24.2 28 24.1 28 24.1 28.1 24.5 28.6 24.7 29 92.6 173.5 204.7 257.6 105.3 203.5 77.8 85.3 0
21.9 30.7 22.7 30.8 22.7 30.5 22 29.8 20.4 28.3 18.2 26.4 16 24.5 15.1 24.1 15.3 25.1 16.8 26.6 18.8 28.3 20.7 29.7 262 603 301.9 662.9 119.4 190.6 83.9 157.9 0
23.4 32.5 23 32.3 23.1 32.4 23.1 32 23.2 31.6 23.2 31.4 23.2 31 23.3 30.4 23.3 30.7 23.5 31.9 23.7 32.5 23.7 32.6 210.1 226.6 264.4 339.9 158.9 339.6 118.7 234.9 0
23.2 29.8 23.7 30.6 23.8 31 23.5 30.6 23 29.7 22 28.3 21.4 27.6 20.4 26.5 20.5 26.6 20.9 27 21.7 27.8 22.5 28.9 263 315 267 391 142 164 184 264 0
23.7 30.4 23.4 30 23.7 29.2 23.4 31 23.2 30.2 23.5 30.1 23.2 29.7 23.5 31 22.9 29.7 22.3 29.7 23.6 30.3 23.8 30.3 239 270 214 278 216 243 195 209 0
22.5 31.3 21.5 31.5 21 33.4 20.8 32.2 21.7 31.5 22.7 31.9 22.8 30.1 21.8 30.1 22 30.1 21.8 30 21.6 31.3 22 31.3 131 236 174 277 364 426 253 327 0
23.6 33.3 23.5 32.9 22.8 33.3 22.2 31.9 22.6 31.7 23 31 22.5 30.9 22.2 31.6 22.6 32 23.2 32.7 23.5 32.9 23.3 33.4 141 185 253 387 92 228 97 178 0
23.1 33.2 22.5 32.9 22.3 33.4 22.6 32.6 22.8 32.6 22.6 32.2 22.4 32 22.7 32.4 22.6 32.7 23 32.9 23.2 33.2 23.4 33 180 212 295 400 215 302 254 292 0
15.6 22.8 15.2 22.3 15.3 22 15.3 21.9 15.3 21.8 15.3 21.7 14.9 21.1 14.6 21.4 14.6 22.3 15.2 23 15.8 23.3 16.1 23.2 173.2 229.5 278.4 373 95.3 209.8 174.4 273.5 0
23.7 33.3 23.2 33 23.3 33 23.2 32.5 23.1 32.4 23.1 32.1 22.8 32.1 22.6 32.9 23 33.7 23.4 33.9 23.9 33.7 24 33.5 151.8 157.8 216 297.2 132.3 251.1 169.9 259.1 0
22.9 32.1 22.4 31.5 22.4 31.5 22.4 31.5 22.6 31.8 22.7 31.3 22.4 30.6 21.9 31 22 32 22.4 32.5 22.9 32.8 23.1 32.5 148.1 185.9 190.8 237.6 139.8 244.5 203.4 232.8 0
24 32.6 23.7 32.2 23.6 32 23.4 31.7 23.5 31.2 23.4 29.6 23.3 28.9 22.8 29.3 22.9 30.2 23.3 31.3 24 32.6 24.4 32.9 130 210 180 570 80 650 90 100 0
23 31 23 30 23 30 23 30 23 30 23 30 23 30 22 29 22 29 23 30 23 31 23 31 258 290 304 351 60 251 74 228 0
23.6 32.7 23.2 32.3 23.1 32.3 23.2 32.1 23.2 32.1 23.2 31.6 22.9 31.5 22.5 32.1 22.8 32.9 23.2 33.2 23.7 33.1 23.9 32.9 125.3 155.7 192.8 287.8 165.4 245.7 204.4 259.2 0
23.4 32.9 23 32.5 23 32.6 23 32.4 23 32 22.9 30.5 22.5 29.1 21.9 29.5 22.1 30.7 22.7 31.7 23.3 32.8 23.6 33.2 155.7 178.1 207.5 412.9 140.3 598.2 150 172.4 0
23.3 32.7 23 32.4 23 32.4 22.9 32 22.9 31.9 22.9 31.6 22.9 30.6 22.9 29.8 23 30.2 23.2 31.3 23.4 32.3 23.6 32.7 185.6 229.6 262.3 371.5 473.3 684.1 241.8 338.6 0
25 31.6 24.7 31.2 24.9 31.4 24.7 31.2 24.5 30.8 24.6 30.8 24.6 30.4 24.6 30 24.5 30.3 24.9 31.6 25.2 32.1 25.3 31.9 287.1 308 301.3 390.9 115.1 308.5 73.3 306.7 0
23.3 31.8 23 31.3 22.9 31.3 23 31.3 23.2 31.7 23.1 31.4 22.9 31.1 22.7 31.8 23.2 32.9 23.4 33.1 23.6 32.7 23.7 32.2 165 188.6 194.6 239 75.5 131.7 141.6 185.3 0
23.6 31.5 23.3 31.2 23.4 31.3 23.4 31 23.4 30.7 23.3 30.5 23.3 30.3 23.1 29.9 23.2 30.2 23.5 30.9 23.8 31.3 23.9 31.6 179.4 210.9 249.5 317.2 160.5 349.2 134.4 193.7 0
24.2 33.1 23.7 32.6 23.7 32.7 23.7 32.5 23.7 32.5 23.6 32.1 23.4 31.9 23.1 32.5 23.5 33.3 23.8 33.5 24.2 33.5 24.4 33.4 128.7 168.9 198.1 330.3 189.8 261.2 243.1 298.9 0
24.2 31.6 23.8 31.2 23.7 31 23.6 30.6 23.6 30.6 23.6 30.8 23.8 31.1 23.6 31.8 23.8 32 24 32.2 24.4 32 24.4 31.7 171.5 255.3 216 374.5 60.6 103 128.9 227.3 0
23.9 32.4 23.5 32.3 23.5 32.5 23.4 32.1 23.5 31.6 23.6 30.8 23.7 29.9 23.7 29.3 23.6 29.6 23.8 30.6 24 31.7 24.1 32.6 195.1 223.6 225.1 334.7 303.8 458.6 114.1 152.9 0
22.9 32.8 22.5 32.7 22.6 32.6 22.7 32.2 22.7 32.1 22.7 31.9 22.8 31.3 22.6 30.6 22.7 31.2 22.8 32 23 32.8 23.1 33 168.2 217.6 275.6 294.7 275.6 368.3 227.6 301.2 0
23.8 30.7 24 30.7 23.9 30.6 24.1 30.8 23.8 30.8 23.7 30.8 23.4 30.6 22.9 30.4 23.1 30.5 23.1 31 23.4 31.1 23.5 31.1 265 312.6 253 325.8 202 246.6 171.6 213.9 0
23.9 31.1 24.3 31.5 24.2 31.5 24.2 31 23.9 30.5 23.6 29.8 23 28.8 22.4 28.1 22.3 28 22.6 28.7 23.2 29.6 23.7 30.5 239.9 338.2 281.1 348.9 477.9 516.9 334.9 442.4 0
23.9 30.9 23.9 30.8 23.8 30.6 23.9 30.6 23.8 30.6 23.9 30.7 23.7 30.4 23.4 30.2 23.7 30.2 23.6 30.5 23.8 30.9 23.9 31.2 292 382 329.8 389.4 93.8 186.4 82.6 280.2 0
23.8 30.6 23.7 30.6 23.6 30.3 23.7 30.4 23.8 30.7 23.9 31 23.8 30.8 23.6 30.3 23.8 30.4 23.9 31 23.9 31.2 23.9 31.3 195.6 268.3 161.7 226.8 84.6 118.4 75.4 153.6 0
24.5 30.9 24.3 30.6 24.3 30.2 24.3 30.6 24.5 30.9 24.6 31.2 24.3 31 24.1 30.7 24 30.6 24.1 30.8 24.4 31.4 24.3 31.2 206.8 320.8 239.3 278.2 182.8 216.4 128.2 201.4 0
23.9 30.8 24 30.8 23.8 30.5 23.9 30.7 24 30.7 24.1 31 23.9 30.8 23.5 30.5 23.5 30.5 23.7 30.8 23.9 30.9 24 31 124.2 161 168.8 220.2 141.4 192.2 167.2 224.3 0
23.8 30.5 23.9 30.4 24.2 30.6 24 30.6 23.8 30.7 23.4 30.4 23.2 30 22.6 29.5 22.8 29.6 23.1 29.9 23.4 30.1 23.6 30.3 357.5 489 192.6 352.1 113.2 120.8 153.9 261.7 0
24.5 31.2 24.2 30.8 24.2 30.8 23.9 30.7 23.9 31.1 23.6 30.5 23.3 29.6 23.1 29.9 23.5 31 23.9 31.4 24.3 31.7 24.6 31.6 140 145 167 252 154 304 141 171 0
23.6 30.7 23.8 30.6 23.8 30.4 23.6 30.4 23.5 30.3 23.2 30.2 22.9 29.9 22.5 29.3 22.3 29.4 22.6 29.6 22.8 30.1 23.2 30.5 293 397 223 428 178 239 212 227 0
22.3 30 22.8 30.2 22.8 30.2 22.9 30.2 22.8 29.5 22.3 28.5 21.6 27.7 21.3 27.3 20.9 27.3 21 27.9 21.6 28.6 22.3 29.4 202.6 302.1 169.7 260.5 87.1 165.4 99.6 180.2 0
22.4 29.7 23.4 30.3 23.6 30.2 23.4 29.9 22.5 28.9 21.3 27.7 20.5 26.7 19.5 25.9 19.3 26.1 19.6 26.7 20.6 27.8 21.7 28.9 195.8 311.8 151.2 330.4 100.5 161.3 87.2 153.7 0
23.4 30 23.4 30.4 23.5 30.5 23.5 30.4 23.6 30 23.6 29.1 23.2 28.5 22.9 27.9 22.7 27.7 22.8 27.9 23.1 28.5 23.4 29.2 329.7 395.8 376.1 458.6 236 333.6 246.4 387 0
24.3 30.2 24.3 30.2 24 30.5 23.3 30.7 23 30.5 22.7 29.9 21.9 28.9 21.4 28.3 21.3 28.4 21.5 28.8 22.2 29.5 23.4 30.1 169.6 251.7 224.3 270.2 89.1 158.6 87.7 123.2 0
23.8 31.3 23.8 31.5 23.7 31.6 23.3 31.5 22.9 31.2 22.1 30.5 20.9 29.6 19.9 29.1 19.9 29.1 20.4 29.4 21.7 30.1 23.1 30.7 118 198 220 236 64 137 73 148 0
22.5 29.6 22 30.3 21.9 31 21.7 31.6 21.8 31.7 22 30.9 22.6 29.6 22.9 28.8 22.9 28.9 23 29.2 23.2 29.6 23.1 29.4 165.1 459.7 73.5 153.7 305.3 439.1 393.5 599.1 0
23.9 30.3 24.5 30.7 25.1 31.1 24.7 31.5 25 31.6 24.9 31.3 24.9 31.2 24.4 30.8 24.1 30.7 24 30.5 24.1 30.4 24.2 30.4 110.4 236.3 159 232 151.1 192.6 172.7 273.7 0
25.2 24.7 29 24.8 29.8 28.6 24.7 23.5 28.5 24.1 28.4 28.7 23.1 23 29 22.8 29.1 29 23.9 25.5 30.6 24.8 29.9 30.6 163.2 188.2 255.8 322.7 70.5 176.9 111.3 290.4 0
21.4 20.8 27.8 21.1 28.2 28 20.2 20 28.6 20.2 28.3 28.4 19.5 18.5 28.3 18.4 27.8 29.9 19.7 21.5 31.1 21.1 31.4 29.8 112.8 131.9 155.2 295.6 74.2 195.7 71.9 187.7 0
23.7 23.4 30.7 23.5 31 30.7 23.1 22.6 31.3 22.9 30.9 31.7 22.3 21.8 32.7 21.7 31.8 33.8 22.6 23.9 33.5 23.4 34 32 292.8 412.2 371.4 436.8 111.1 235.3 212.2 475.9 0
22 22.1 22.2 31.9 30.9 30.5 22.4 21.8 22.6 30.4 30.8 31.3 22.1 21.7 21.7 31.7 31.7 32.1 21.7 21.6 21.9 32.1 32.2 32.3 216.4 417.5 304.4 436.2 131.1 152.1 111.8 140.8 0
23.2 23.9 29.9 23.7 29 30 24.1 23 28.6 22.9 30 27.7 22.1 21.3 26.2 21.4 26.5 26.4 21.8 22.9 28.1 22.5 27.2 28.9 110.9 132 144.6 324.8 135.9 251.4 112.2 122.2 0
22.6 31.1 31.2 22.3 22.2 32.1 22.3 33.2 32.9 22.3 22.3 32.6 21.9 30.1 30.6 20.6 21.2 30.6 21.3 30.9 30.8 22.4 21.9 31 201.2 320.3 99.8 126.7 77 180.6 144.8 236.7 0
23.8 29.6 29.2 23.8 23.5 30.2 24.2 30.7 30.8 24.2 24.4 30.2 23.7 28.7 29.4 24.1 23.2 28.9 24.2 29.5 29.6 24.2 24.4 39.4 201.4 327.7 97.5 185.9 88.5 261.9 111 288.5 0
20 28.5 28 19.6 19.7 29.3 19.7 30.4 30.1 19.9 20.1 29.3 19.6 27.2 27.8 18.5 18.8 27.7 19.3 28.5 28.1 20.1 19.7 28.5 250.6 378.9 101 159.2 92.7 192.7 96 282.1 0
22.6 29.5 28.9 22.4 22.3 30.4 22.4 31 30.9 22.3 22.4 29.8 21.7 29 29.2 21.6 21.6 29.6 21.8 30 29.8 22.7 22.3 29.8 256 411 207.8 294.6 84.6 297.9 107 282.4 0
22.5 30.7 30.2 22.2 22 31.4 22.1 32 32.1 22.3 22.1 31.2 21.7 29.5 29.7 21 21.2 29.8 21.4 30.8 30.5 20.3 22.2 30.4 218.6 337.2 132 173.7 102.2 233.4 134 316.7 0
22.1 31.2 31.3 22 21.9 31.5 22.1 30.6 30.9 21.9 22 30.1 21.6 29.9 30 21 20.8 31.2 21.3 31.7 31.6 22.1 21.8 31.6 210.1 301.2 292.1 316.6 173.8 189.7 209.5 286.9 0
23 31.1 23.7 32 23.8 32.1 23.5 31.5 22.3 30 20.5 28 18.4 26.4 17.1 25.6 17.3 25.7 17.9 26.7 19.3 27.9 21.1 29.6 160.5 235.5 80.5 163.1 47.2 50 54.4 104.9 1
24.7 31.3 24.3 31.1 24.2 31.3 23.9 31 22.7 30.2 21.3 29.1 20.4 28 19.5 27.6 20.1 28.3 21.8 29.5 23.1 30.7 24.2 31.8 186.9 257.6 182.8 286.5 72.6 175.6 51.7 104.6 1
22.6 32.3 22 31.7 21.9 32 22.1 31.8 21.3 30.8 20 29.2 18.7 28 17.7 28 17.6 29.2 18.5 31.2 20 32.8 21.6 34.1 224.9 305.7 199.7 254.8 64 178.2 44 84.8 1
23.5 31.2 23.1 31.2 23 31.4 22.9 31.5 23 31.2 23 31 23.3 30.6 23.3 30.3 23.6 30.3 23.6 30.4 24.1 30.8 23.7 31.3 293 357 309 379 112 258 134 354 1
23.3 31.8 23.2 32.4 23.1 32.2 22.8 31.5 22.8 31 23.1 31 23.4 31.8 23.5 32.8 23.7 32.8 23.7 32.5 23.6 31.9 23.4 31.7 202 262 281 407 44 118 159 332 1
18.7 25.4 18.4 25.6 18.4 25.8 18.2 25.7 18.2 25.1 18.3 24.6 18.3 24.8 18.4 25.1 18.7 25.2 18.9 25.2 18.9 25.2 18.7 25.4 82 88 100 144 54 80 112 136 1
17.1 27.9 16.7 28.3 16.8 28.3 16.7 27.7 16.8 26.9 17 27 16.8 27.1 16.8 27.6 17.1 27.9 17.3 28 17.5 27.6 17.4 27.5 119 158 147 212 65 94 126 199 1
26.3 30.5 26.4 30.3 26.4 30.5 25.8 30.7 25.4 30.3 25.5 29.8 25.3 29.2 24.8 28.9 24.8 29.1 25 29.6 25.8 30.2 26.3 30.5 143 170 181 305 46 130 23 122 1
23.3 33.9 23 34.7 23.7 35.8 24.6 36.1 24.7 34.5 24 32.4 23.3 31 23.1 30.6 23.3 31.2 23.6 32.2 23.8 33.1 23.9 33.5 18 43 38 270 347 459 100 195 1
26.1 30 26 29.8 26.1 30.1 26 30.2 25.5 30 25.6 29.5 25.3 29 25 28.6 24.8 28.7 25 29.2 25.6 29.7 26.1 30.1 199 205 239 324 38 140 24 131 1
20.5 28.4 20.2 38.2 20.3 39.1 20.4 30.1 20.7 30.1 20.9 30.1 20.7 30.3 21 31.1 21.6 31.4 22 30.9 21.1 29.9 21 29.3 419 522 403 476 64 158 227 627 1
15.5 25.1 15.7 24.7 15.5 24.8 15.1 24.8 15.2 24.6 15.6 24.3 15.4 23.9 14.7 24.2 14.8 25 14.5 26.3 15.2 26.6 15.8 25.7 200.7 315 174.3 407.2 21.1 56.7 41.5 329.2 1
23.1 30.8 22.8 30.5 22.7 30.4 22.6 30.3 22.6 30 22.6 29.8 22.3 30.6 22 31.3 22 32 22.6 32.4 23.5 32.3 23.3 31.4 413.3 468.7 349 544.3 25.8 159.7 40 389 1
18.6 27.9 18 27.6 18.1 27.7 18.2 27.6 17.9 27.2 17.9 27.1 16.8 27.6 15.9 29 16.3 30.4 17 31 18.1 29.9 18.6 28.4 285.7 373.7 264.5 468.6 26.5 79.8 30.1 327.4 1
23 31 22.4 29.7 22.4 30 22.5 30.7 21.8 30.7 21.8 30 21 29.3 20.8 29.3 20.3 30.2 20.5 32.2 21.4 33.2 22.3 32.5 318.6 343.9 226.1 297.4 65.3 194 37.9 168.2 1
22.1 32.9 22.2 33 22.2 33.2 21.9 33.3 21.5 32.4 20.2 30.3 18.7 28.7 18.2 28.8 18.4 29.4 19 30.4 19.9 31.2 21.2 31.8 55.9 73.1 96.8 125.6 47.7 80.2 59.2 151.2 1
22.9 30.8 22.8 31.3 22.7 31.5 22.7 31.4 22.3 31.1 21.4 30.6 20.3 29.6 19.6 29.2 19.7 29.2 20.2 29.6 21.1 30.2 22.2 30.4 140.1 177.4 99.8 186.8 56.8 84.3 53.8 187.7 1
23.8 31.3 23.8 31.5 23.7 31.6 23.3 31.5 22.9 31.2 22.1 30.5 20.9 29.6 19.9 29.1 19.9 29.1 20.4 29.4 21.7 30.1 23.1 30.7 118 198 220 236 64 137 73 148 1
24.1 34.5 23.8 34 23.7 34 23.7 33.2 23 31.4 21.7 30.3 20.2 28.7 19.4 28.2 19.8 29.3 21.4 32.3 23 33.9 24.4 35.4 173 242 176.8 323.6 89.7 166.1 44 102.1 1
25.4 30.6 25.3 30.5 25.2 30.8 25 30.9 24.9 30.8 24.4 30.1 23.9 29.4 23.3 28.8 23.2 28.8 23.5 29.3 24.4 29.9 25.2 30.6 99.2 157.8 176.7 198.5 51.1 109 58.3 71.1 1
24.2 30.6 23.8 30.2 23.9 30.3 23.8 30.7 23.7 30.5 23.4 30.1 22.8 29.5 22.2 29.5 22.2 30 22.8 30.4 23.8 31 24.3 31.2 148.4 187.7 171.3 220.3 47.4 158.9 42.8 63.8 1
23.9 30.9 24.6 31.7 24.8 31.7 24.4 31 22.3 29.2 19.3 26.9 16.4 24.8 15.1 24 15.8 24.7 17.9 26.2 19.9 28 22.3 29.6 144.8 237 67.6 193.8 46.5 52.8 60.7 157.7 1
24.5 31.4 24.9 31.4 24.8 31.5 24.6 31.6 24.2 31.3 23.3 29.9 22.4 28.8 21.6 28.4 21.4 28.7 22 29.1 22.7 29.9 23.6 30.7 101.6 135.1 134.1 150.9 54.6 119.9 59.7 150.6 1
22.8 31.2 23.6 32.2 23.9 32.2 23.7 31.4 21.5 29.4 18.1 26.7 14.8 24.4 13.2 23.6 13.6 24.4 16.2 26 18.2 27.8 20.9 29.8 152.9 205.5 119.1 216.7 63.2 71.1 73.9 155.7 1
23 29.9 22.7 28.1 22.8 27.7 22.8 29 22.5 29.8 23.2 30.9 23.3 31.7 23.4 32.2 24.1 32.8 23.9 32.5 23.5 32.1 23.2 31.4 354.1 687.5 123.1 561.2 27.5 54.5 155.2 276.2 1
23.4 29 24.1 29.5 24 30 23.9 30.2 23.1 30.1 24 29.4 23.2 27.6 22.1 26.4 21.8 26.8 23.2 27.5 23.4 28 23.4 28.4 243.1 303.2 247.3 363.2 6.6 54.1 104 490 1
23.1 29.8 22.7 28.2 22.7 27.7 22.7 28.6 22.8 29.7 23.6 30.4 22.6 30.4 21.7 30.2 22.3 30.1 23 31.2 24 31.6 24 31.2 379.8 1135.1 69.6 618.3 0.6 7.9 3.2 137.1 1
19.8 29 20 27.5 20 27.3 19.7 28.4 19.1 29.6 18 30 14.9 30.4 13.9 31.2 16.5 32.7 18.8 32.4 19.9 31.3 20 30.6 282 536.8 131.9 462.8 15 56 99.2 226.9 1
22.7 30 22.4 28.8 22.4 28.7 22.4 29.3 22.4 30.2 22.4 31.3 21.4 31.8 21.2 32.4 22.5 33.4 23.3 32.6 23.2 32.1 23.2 31.2 273.3 326.8 96.9 367.1 22.2 56.5 116.3 222.7 1
23.6 30.1 23.1 28.7 23 28.4 23.1 29 23.4 29.9 24 30.1 24.1 29.7 23.8 29.9 24 30.3 24.4 30.9 24.8 31.2 24.4 30.9 323 791 88 484 3 16 13 177 1
23.3 31.3 23.6 31.4 23.7 31.1 23 30.5 21.6 29.2 19.8 27.6 17.7 25.9 17 25.6 17.4 26.5 18.6 27.9 20.6 29.4 22.3 30.6 181.7 456.5 94.7 418.1 28.2 47.8 35.6 96.9 1
22.6 27.8 22.7 28 22.6 28 23.1 28.4 23.5 28.3 23.8 27.9 23.2 27.1 22.5 26.3 22.1 26.1 22.1 26.2 22.6 27 22.8 27.4 190.6 331.2 166.3 283.4 41.7 167.8 32.1 133 1
22.1 32.1 23 32.2 23.3 31.4 22.2 30.7 20.3 29 17.8 27 14.6 25.2 13.6 24.8 14.3 26 16 28.3 18.5 30.3 20.8 31.8 210.1 466.2 116.5 390 31.8 44.9 36 129.5 1
22.1 31.4 22.7 31.6 22.9 31.5 22.6 31.1 21.7 30.7 20.1 29.7 19.3 29.2 18.3 28.5 18.4 28.7 19.3 29.4 20.4 30.2 21.5 30.9 159 302 78 324 46 62 77 138 1
23.1 29.8 23.4 30.3 23.5 30.5 23.5 30.8 23.3 30.6 22.5 29.9 21.2 28.9 20.8 28.3 20.5 28.2 21 28.6 21.9 29.1 22.6 29.5 233 317 92 195.3 48 60.5 46.3 162.1 1
24 33.1 22.1 32.3 21.8 32.2 22.9 31.6 22.8 31.5 22.8 30.2 22.2 29.4 22.3 28.5 22.4 28.9 21.9 29.9 22.3 31.4 22.6 32.5 21 175 101 402 457 817 196 241 1
23 31.3 23.2 30.7 22.7 31 23.3 31.3 23.6 32 23.4 32.1 22.9 32.5 21.7 32.4 20.1 34.3 21.2 34.8 21.7 34.6 22.7 33.5 533 734 127 391 15 66 32 273 1
24.9 31.5 24.6 31.1 24.6 30.8 24.4 30.6 24.3 30.7 24.5 31.3 24.3 31.5 24.3 33 24.3 33.2 24.7 33 25 32.3 25.2 31.7 250.4 326.3 192.6 362.9 19.2 56.2 99.1 210.5 1
16.1 27.5 15.5 26.7 16.2 26.5 16.2 26.5 15.7 26.9 15.4 26.3 15.1 26.1 14.9 25.6 14.9 26 15.6 26.2 15.4 27 15.7 27 153.4 214.5 151.9 272.2 43.8 70.4 132.1 150.1 1
21.4 29.8 22.9 30.4 23.3 30.7 23.2 30.4 22.2 29.2 20.6 27.8 19.1 26.7 18 25.4 17.8 25.4 18.6 26.7 19.1 27.4 20.4 28.7 76.7 184.9 81.3 209.7 50.8 72.2 51.2 64.8 1
25.2 31.5 25.1 30.9 25.1 31.2 25 31.7 24 31.5 20.3 29.8 15.5 26.9 13.9 26 16.2 28 20.3 30.6 23.3 31.8 24.7 32.3 538 733 71 263 5 23 55 307 1
24.4 30.9 24.9 30.9 25 31.6 24.3 31.2 22.5 30.9 18.4 29.2 14 26.3 12.9 25.2 14.2 27.1 18.1 30.4 20.8 30.8 22.6 30.8 621 834 30 548 8 31 146 569 1
24.7 24 28.9 24.1 30.3 28.8 23.8 22.3 31.6 23.8 29.5 32.8 20.6 20.5 31.6 19.6 32.4 31.5 23.2 26.3 33 25.6 32 33 518.7 994.8 30.9 251.9 0.1 16.7 1.2 112.7 1
23.2 22.8 30 23.1 30.6 30.1 22.8 22.8 31.1 23 30.1 32 19.9 19.8 33.5 19.6 33.1 34.1 23.2 23.6 34.2 24.3 34.5 32.2 436.8 646.6 404.7 532.4 0.5 7 18.9 580.2 1
23.5 23.2 28.8 23 29.7 29.1 23.4 23.2 30.7 23.3 30.2 31.9 22.1 23.1 33 22.2 32.4 33.6 24.8 25 34 25.4 34.2 32.6 383.6 743.4 142.9 363.6 3.2 52.6 22.4 283.5 1
23.4 22.9 28.3 22.9 29.7 28.5 23 22.4 30.9 23.1 29.6 32.4 21.2 21.8 32.8 20.9 32.8 33.1 23.6 25.1 34.1 25 33.6 33.3 765.5 1161.7 73.6 287.2 0.2 14.8 2.7 195.4 1
24.5 25 31.7 25 31.3 31.8 24.6 17.7 30.9 22.5 31.7 28.9 13 13.6 25 11.7 26.1 26.7 17.4 22.8 30.8 20.7 30 31.1 480.8 585.2 42.2 383.6 9.8 48.1 150.5 429.2 1
26 30.6 25.8 30.5 25.5 30.4 25.3 30.2 25.4 30.2 25.2 30.1 25.4 30.1 25.7 30.3 25.9 30.7 26.4 31.4 26.8 31.6 26.3 31.2 149.9 175.5 194.2 231.1 38.1 216.8 73.9 218.9 1
24.5 30.2 24.1 29.7 24.1 29.6 24.2 30.4 24.2 31.5 22.4 32 19 31.5 17.9 32.2 19.3 34.5 21.6 36 24.3 37 25 33.4 547 602 60 368 2 7 7 303 1
25.5 25.1 30 25.2 30.4 30 24.8 23.2 30 24 30.2 30.1 22.8 22.6 30.9 22.3 30.3 31.2 23.7 25.5 31.8 24.6 31.7 31.1 119.5 184.9 245.4 414.4 58.2 175.3 128 392.4 1
25.5 32 32.2 25.1 25.1 31.9 24.8 30.5 31.6 24.1 24.4 29.5 23.9 29 29.1 25 24.1 29.5 25.6 32.1 30.7 25.8 26.1 32.6 112.7 122.8 116.8 489.6 57.8 209.1 76.6 146.5 1
25 31.7 32.1 24.8 24.6 31.7 24.2 31.4 31.2 24.3 24.1 31.3 24 32.4 31.5 24.3 23.9 33.3 24.9 33.7 33.8 25.1 25.3 32.5 236.9 284.1 173.7 386.5 23.3 61.9 59 269.8 1
24.8 32.7 32.8 24.4 24.4 32.7 24.2 31.1 32.1 24.1 24.1 29.5 24.2 29.6 29 24.4 24.3 30.4 24.6 32.4 31.4 25.1 25 33 91.5 109 130.5 553.8 35.3 418.1 47.2 119.5 1
25.5 34.3 33.9 25.5 25.3 33.9 24.1 29.6 31.5 21.6 23.2 27 19.3 24.8 24.9 19.8 18.5 26.1 21.5 31 28.7 24.9 23.3 33.4 85.6 103 349.7 612.8 33 199 22.4 62.6 1
23.8 24.3 24.2 29.1 29.6 29 24.2 23.6 23.1 29.8 29.4 28.5 22.3 21.6 21.6 27.6 27 26.9 22.5 23.3 23.5 27.4 28.2 28.6 57.3 77.7 149.1 272.7 101.2 215.6 46.9 95 1
23 22.8 22.6 30 31.8 30.5 21.2 22.9 22.2 30 29.8 29.6 21.8 20.3 21.7 28.3 26.8 27.8 18.9 23.3 23.2 28.3 29.3 29.7 37.4 137.5 238.4 312.9 202.1 381.5 40.7 57.5 1
23.2 22.9 23.3 30.3 30.6 31.5 23.4 23.5 23.5 32.1 32.6 32.3 23.4 23 23.1 31.4 29.7 29.2 23.2 23.5 23.5 29.3 29.5 30 98 220.1 35.5 58.4 142.5 347 351.5 407.2 1
22 22.4 22.6 30 30.2 30.4 22.7 22.5 22 30.2 29.6 28.5 21.3 20.5 20.2 27.6 27 27.1 20.7 21.2 21.6 27.8 29 29.9 62.1 111 191 340.7 179 325.1 51.9 148.4 1
23.5 23.1 23.1 31.3 30.5 30.4 23.2 23.3 23.3 30.6 30.7 30.8 23 22.7 23 31 31.3 32.6 23.5 23.7 23.7 32.9 32.8 32.1 216.9 288.3 256.3 313.5 57.9 113.6 83.3 183 1
22 21.7 21.8 30.7 30.3 30.6 21.8 21.9 21 28.5 30.8 30.6 19.2 18.3 19 30.3 31.6 32.9 20.8 21.8 22 32.7 32.3 31.4 295.7 346.8 118 312.7 22.6 201.6 86.5 207.3 1
22.2 22.3 22.6 31.2 30.9 30.9 22.7 22.5 20.6 31.3 31.1 30.6 19.3 18.5 19.2 30.3 31.3 32.6 20.9 21.6 21.9 32.8 32.6 31.9 263.5 287.5 101.8 228.3 40.4 45.8 96.4 206.2 1
22.2 22.4 22.6 30.2 30.2 30.2 22.7 22.6 21.9 30 29.7 28.9 21.6 21.1 20.6 28.8 27.3 27.5 20.7 21.4 21.9 28.1 29 30.1 65 144.2 264.9 328.9 213.5 389.6 47.8 122.5 1
22.9 23.1 30 22.3 31.1 29.4 23 23.1 29.6 23.1 29.4 30.1 22.9 23 30.2 22.6 30.4 30.7 23.5 24 31.2 23.7 31 31.4 91.8 381.9 319.8 472.6 32 170.5 10.5 20 1
22.4 23.7 30.9 23.1 29.6 31.6 23.4 20.8 29.4 22.3 31.1 27.9 19.5 19.2 25.9 18.8 26.7 26.6 19.8 21.6 27.3 20.8 26.5 28.2 82.4 195.2 80.7 111.1 55 78.4 78.3 170.5 1
19.7 29.9 29.5 20 20.4 29.4 19.4 27.6 28.9 14.7 17.3 24.6 13.1 23.8 23.2 13.6 12.3 25.4 15 28.1 26.2 18.8 17.4 29 156.4 191.1 141 167.7 43.6 84.2 108.9 198 1
