8 14.2 10.1 16.1 10.3 16.7 7.6 14.9 4.7 11.1 0.9 7.1 -0.8 5.1 -2.1 4.6 -1 5.9 0.3 7.4 2.1 9.9 5 12.3 114.3 155.4 244 379.2 203.9 302 139.5 191.6 0
11.2 19.2 13.2 21.7 13.4 21.9 10.5 18.7 6.6 13.5 3.1 9 0.8 6.2 0.5 6.1 1.5 8 3.1 10.1 5.3 13.1 8.4 16.5 39.1 54.8 53.5 181 123.1 175.7 67.9 114.3 0
9.3 19.3 10.8 21.9 10.8 22 8.4 19.4 5.3 14.2 2.7 9.5 1 6.9 0.7 6.9 1.4 8.4 2.3 10.5 4.1 13.4 6.9 16.6 19.5 32 30.4 147.2 107.8 151.2 36.5 78 0
8.3 15.7 7.7 14.9 7.3 15.4 7.1 15.8 7.7 15.9 7.9 16 6.3 16.1 5.6 16.4 6.5 16.7 7.6 16.7 8.6 16 8.7 16.2 43 54 72 107 29 53 66 101 0
12.4 21.1 12 21.6 12 21.7 11.9 21.2 11.8 20.7 11.6 20.8 11.3 21.3 11.2 22 11.5 22 11.9 22 12.3 21.5 12.5 21.2 64 91 138 190 92 125 134 167 0
9.5 16.9 9.5 16.7 9.6 16.9 9.8 17 10 17.3 10.1 17.3 9.9 16.6 9.4 15.9 9.4 16.3 9.5 17 9.4 17.3 9.3 18.1 67 76 74 88 31 44 40 94 0
12.9 24.6 12 25.1 12 25.2 12.4 24.8 13.5 24.2 13.8 23.8 13.7 24 13.3 24.2 13.3 24.3 13.7 24.5 13.9 24.4 13.9 24.6 49 82 124 331 181 251 122 203 0
7.8 18.4 7.2 19.1 8.1 19.3 9 19.2 9.7 18.4 9.7 17.3 9.1 16.4 8.4 16 8.2 16.5 8.2 17.3 8.7 17.9 9 18.2 16 31 55 84 42 58 54 85 0
14.3 25.3 14.3 24.7 14.1 25.1 13.9 25.4 14 25.1 14.1 24 13.7 23 12 22.9 12.8 23.7 12.9 24.9 13.7 25.6 14.2 25.8 126.3 202.1 112.3 250.9 19.7 58.1 14.8 186.8 0
16.2 25.3 15.8 24.5 15.8 25 15.8 24.4 15.4 24.1 14 23.4 13.1 23.4 11.5 23.8 12.9 25.2 14 26.6 15.4 27.5 16.2 27.1 180.1 249.5 42.6 235.2 3.2 7.4 6.9 117.2 0
12.2 24.6 11.5 23 11.6 23.3 11.5 22.3 9.8 22.2 7.9 21.8 6.6 20.8 5.8 21.2 7.1 22.9 9.2 25.7 10.8 26.6 11.7 26.5 134.8 175.1 12.1 144.8 4.3 11 10.1 56 0
12.8 29.6 12.4 27 12.7 26.8 12.3 26.4 10.4 26.5 8 26.2 6.3 25.4 5.5 24.7 6.3 26.4 8.3 29 10.5 30.7 12.1 31.5 138.3 184.4 11 132.2 5.6 16.2 9.1 42.9 0
12.4 26.4 11.4 25.3 11.4 25.2 11.3 24.8 9.6 24.6 7.3 24.4 5.3 23.5 4.6 23 5.9 23.8 8.1 25.9 10.2 27.1 11.7 27.9 155.7 197 12.3 192.1 4.6 9.4 11.5 87.9 0
9.3 21.7 8.7 20.4 8.4 20.7 8.4 20.6 6.5 20.8 3.9 20 2.4 18.9 1.4 18.6 2.6 19.9 4.4 22.3 6.6 23.2 8.2 23.5 128 144.6 11.6 98.8 7.1 14.8 12.7 64.7 0
9.8 23.4 11.6 27.6 11.8 27.7 9.6 24.6 6.4 18.1 4.3 11.3 2.2 7.9 1.8 8 2.8 10.8 3.8 13.3 4.8 15.8 6.9 19.5 13 36.3 42.4 211.3 143.3 218.7 54.9 140.2 0
7.2 16.1 8.9 17.7 8.5 17.1 6.1 13.3 2.9 8.4 -2.7 2.6 -5.2 -0.2 -7.2 -1.4 -5.2 1.2 -2.9 3.7 0.1 8.4 3.8 12.8 80 135.1 124.7 199.1 95.3 115.3 70.4 86.9 0
9.1 23.6 10.5 27.6 10.8 27.8 8.4 24.4 5.1 17.9 3.1 11.3 0.9 8 0.4 8 1.2 10.8 2 13.2 3.2 15.8 5.7 19.4 14.2 34 39.4 159.5 114.3 172.7 47.8 105.9 0
11.2 22.8 11.3 20.6 11.2 20.6 11 21.3 9.9 22.3 8.7 22.6 8.1 22.8 9 23.3 10.3 24.3 11.6 24.8 12 24.2 12.3 24.4 123.5 278 8.3 174.1 10.2 36 68.2 88.8 0
9.9 23.6 9.4 25 9.6 25.8 10.6 25.8 11.8 24.1 10.8 23.6 9.3 22.9 9.8 21.8 9.6 21.9 9 23.3 10.2 23.9 10.8 23.2 36 44 66 154 94 175 49 82 0
12.6 23.4 11.5 24.5 11.6 25.6 13.1 25.6 14 24.1 13.2 22.6 11 21.5 10.1 20.6 10.2 21.4 10.5 23.7 12.5 24.7 13.1 23.1 56.5 101 92.8 219.4 17.5 35 28.3 154.2 0
16.3 25.8 16.6 27.7 16.9 25.9 16.3 25.4 15.2 24.8 12.9 22.9 10.8 20.9 10.3 20.2 10.3 20.6 11.3 23 13.4 25.2 15.1 26 256.9 304.1 20.1 183.1 7.2 15 9.5 170.8 0
16.6 26.3 17.2 26.2 17.2 26.1 16.6 25.3 15.2 24.5 12.7 22.6 10.5 20.4 10.1 19.7 10.2 20.4 11.2 23 13.4 25 15.3 26.1 227.8 820.8 27.3 137.6 11.4 24.6 18 124.9 0
15.9 26.1 16.1 25.5 16.5 25.6 16 24.8 14.9 23.5 11.6 22.1 7.9 20.4 6.5 20.3 6.6 21.9 8.7 25.1 11.7 27.2 14.2 27.2 179.5 203.3 58.8 224.1 11.8 30.1 10.4 95.7 0
13.9 25.2 14.7 25.6 14.1 25.1 13.1 24 10.3 21.1 7.2 18.9 4.1 16 4.1 16.7 6.2 19.4 9.3 22.8 11.2 23.8 12.7 24.2 90 125 13 91 4 9 27 117 0
14.5 24.3 14.8 24.8 14.7 24.2 13.8 24.2 11.5 22.9 8.9 21.5 6.1 19.3 5.9 19.2 7.3 22 10.5 25.5 12.5 26 13.8 25.8 149.1 193.4 10.1 90.3 3 5.4 6.8 113.1 0
12.2 26.5 13.4 27.1 13.3 26.1 11.3 24.1 7.5 20.6 3.9 16.4 1.6 13.1 0.3 12.2 1.1 14.2 3.7 17.6 7 21.2 9.8 24.3 87.1 104.5 44.4 65 48.4 56.9 51.6 80.4 0
11.1 23.4 12.6 25.4 12.6 25.5 11.1 23.6 8.5 20.5 6.7 17.3 4.8 14.9 3.8 14.3 4.3 15.4 5.8 17.3 7.5 19.5 9.4 21.2 50.2 67.7 50.2 67 48.9 58.4 56.8 70.2 0
9.4 22.5 10.8 24.9 11.4 25 9.9 22.1 7.4 17.5 5.8 13.5 4 10.7 3.2 10 3.7 11.4 4.9 13.8 6.2 16.5 7.7 19.4 38.7 51.3 43.9 67 63.9 75.5 55.9 73.4 0
11.6 26.2 13.3 27.7 13.3 27.1 10.8 24.5 6.7 19.9 3.5 15.5 1.6 12 0.6 11.1 1.3 12.8 3.5 16.2 6.2 19.7 8.8 23 55.3 69.3 43.1 50.7 43.9 50.1 46.4 58 0
12.9 25.9 14.2 27 14.5 27 12.6 25.7 8.9 23 5.5 19.7 2.9 16.8 1.4 16.7 2.6 18.2 5.1 20.5 8.2 22.5 10.7 24 78.4 88 72 98.5 52.3 82.7 53.1 69.9 0
11.1 26.5 14.1 29.1 14.4 29.4 11.3 25.3 6.8 20.7 5.2 16.2 3.5 13 2.2 12.4 2.6 14.1 4.6 16.4 6.3 19.5 8.8 23 32.2 33.1 36 54.8 56.4 61 37.4 54.2 0
11.4 24 13.1 25.1 13.4 24.5 11.5 22.4 7.9 19.4 5.2 15.4 3.1 12.4 1.5 11.6 2.7 13.3 4.8 16 7.3 18.8 9.2 21 71.8 88 77.4 98.2 47.3 84.2 59.2 94 0
11.2 26 13 27.7 12.9 27 10.7 24.4 6.6 19.8 3.1 15.4 0.9 12.1 -0.2 11.2 1 12.9 3.1 16 6 19.2 8.5 22.4 52.5 61.5 47.8 52.6 39.6 47.4 52.8 65.3 0
9.4 23.4 10.7 25.7 11.2 26 10.1 23.5 8 19.3 6.2 15.8 4.5 13.1 3.9 12.5 4.5 13.7 5.8 15.8 6.8 18.3 8.3 20.8 35.1 45.3 43.8 71.2 75.7 88.4 57.6 77 0
8.9 25 10.5 26.8 10.5 26.7 8.2 23.8 4 19.5 1.3 15.5 -1.3 12 -2.8 11.3 -1.7 13.3 1.3 16.1 3.8 19.3 6.6 22 47.7 60.3 35.5 53.3 29.2 35.7 38.4 54.8 0
10 19.2 12.3 21 12.5 21.3 10.5 20 8 17.2 6.6 15 4.7 13.1 4.4 12.6 4.9 13 5.9 14 7.2 15.7 8.1 17.2 40 52.8 49.5 80.3 80.2 99.8 58 75.3 0
11.9 21.8 12.9 23.2 13.7 23.5 12.6 22.9 10.3 19 8.2 15.8 6.2 12.9 5.3 12.3 6 13.3 7.7 15.8 9.2 17.6 9.9 19.2 32.2 43.1 41.8 49.4 46.5 50.1 47.2 54.5 0
11.5 25.6 13.4 27.3 13.5 26.4 11.2 24 7.7 20 4.8 15.9 2.4 12.4 1.3 11.4 2.1 13.1 4.6 16.1 6.7 19.3 9 21.9 54.4 63.9 50.9 57.5 45.2 59.2 51.4 68.4 0
9.5 23.6 10.8 26.1 11.2 27.1 10.1 24.1 8.2 19.8 6.5 15.7 5 12.9 4.2 12.2 4.8 13.2 5.9 15.1 6.6 17.4 7.8 20.1 31.6 44.8 43 68.8 72.2 76.6 51.5 72.5 0
10.7 20.2 11.8 21.5 12 21.6 10.8 20.1 8.9 17.3 6.9 14.4 5.1 11.9 4.5 11.6 5.2 13 6.4 15 7.7 16.9 9.2 18.5 40.5 57.4 45.5 52.2 52.6 54.3 51.5 63 0
11.6 27.6 13.2 29.8 13.5 29.8 11.3 26.4 8.4 21.4 6.2 17.1 4.4 13.9 3.7 13.3 4.4 15 5.6 17.5 7.2 20.9 9.5 24.6 23 27.4 24.1 47.2 47.3 50.2 33.7 46.7 0
11.6 22.4 12.6 23 12.8 22.3 11.4 20.1 8.6 16.4 6.1 12.9 3.5 9.8 2.5 9.2 3.2 10.9 5.3 14.3 7.6 17.5 9.6 20 124 172.3 104.2 168.7 82.4 118.5 73.4 103.8 0
11.4 22.2 12.7 24.7 13.3 25 12.1 22.5 9.7 18.8 7.4 14.9 5.6 12.5 4.6 11.8 5.4 13.2 6.6 15 8.3 17.7 9.8 19.9 49.3 70.8 60 87.6 78.5 90.4 81.3 88.9 0
8.7 21.1 10.2 23.2 10.3 23.1 8.9 21 6.6 17.3 4.7 13.9 2.8 11.4 2.2 10.8 3 12 4.2 14.1 5.6 16.4 7 18.6 40.1 51 38.8 62.9 60.7 78 50.9 63.3 0
12.1 23.9 13.7 25.8 14.2 25.9 12.7 24 10.2 20.6 7.9 17.1 5.6 14.2 4.8 13.7 5.6 14.9 6.7 17 8.3 19.4 10.2 21.6 43.3 49.4 35.1 55.3 37.2 50.7 48.4 62 0
10.5 24.2 12.1 25.2 12.3 24.2 10.5 22.1 7 18.6 4.2 14.5 2 11.1 0.5 10.3 1.7 11.8 3.4 14.8 6.4 18.3 8.4 21.1 73.5 117.1 71.3 97.1 48.5 76.2 61 80.2 0
12.8 24.1 14.2 25.8 14.5 25.8 13.1 23.8 10.7 20.2 8.6 16.6 6.8 14 5.9 13.4 6.6 14.9 7.9 17.1 9.4 19.6 11.1 21.8 47.2 59.3 51.3 58.3 48 50.5 59.1 67.6 0
13.7 23.1 15.1 24.3 15.4 24.6 13.9 23.4 10.9 21.2 8.2 18.7 5.8 16.3 4.4 15.8 4.9 16.7 6.9 18.3 9.4 20 11.6 21.2 76.6 78.6 65 91 41.2 69.2 56.3 87.6 0
12.1 23.1 13.4 25 13.9 25 12.9 23.3 10.9 19.4 9.1 16.2 7.2 13.5 6.5 12.8 6.9 13.8 8 15.9 9.5 18.1 10.7 20.3 42.8 54.6 50.4 70.4 68.3 71.2 59.5 72.4 0
5.6 14.2 7.5 16.2 8.6 17.3 6.6 14.4 3.8 10.2 1.2 6.5 -1.5 3 -2.9 1.5 -2.4 2 -0.5 5.1 1 7.8 4 11.5 42.5 73.5 59.5 102.1 91.6 125.2 85.1 101.7 0
9.8 19.9 11.5 22.1 12.6 22.9 11.3 19.7 9 15.4 6.9 11.7 4.4 8.8 3.6 8.2 4.2 9.6 5 11.6 6.8 14.8 8.3 17.3 54.1 94.7 80.4 135.3 95.6 120.6 106.8 119 0
6.7 16.4 8.6 18.9 8.4 18.4 6.7 16.2 5.1 12.7 1.8 8.3 -1.2 4.8 -2.6 2.5 -2.7 2.9 -0.1 7.3 0.8 8.9 4.9 13.8 103.8 155.2 118.2 271.5 252.5 339.7 196.5 284.7 0
14.6 25.1 15.9 25.8 16.3 25.8 14.8 24.5 12.1 22.1 9.7 19 7.6 16.4 6.2 15.8 6.7 17.1 8.3 19.4 10.6 21.5 12.6 23.1 73.7 125.7 92.5 130.4 55.7 110.9 68 113.3 0
9.9 23.8 11.9 25.7 12 25.2 9.6 22.3 6.1 18 3.7 13.7 1.4 10.3 0.5 9.2 1.3 10.5 3.3 13.4 5.6 16.9 7.5 20 70.6 92 53.2 69.8 64.9 97.5 71.8 89.1 0
11.8 23.5 13.1 25.3 13.5 25.4 12 23.8 9.2 20.8 7.1 17.7 5.2 15.1 4.2 14.7 4.8 15.9 6.3 17.7 8.3 19.7 10.1 21.4 57.5 78.5 67.9 74 59.3 85.6 71.8 78.4 0
11.3 23.2 12.7 25.2 13.1 25.3 11.5 23.4 8.5 20.2 6.3 16.7 4.2 14.2 3.3 13.7 4.2 14.9 5.6 16.9 7.6 19.1 9.4 21 40.2 56.2 48.4 55.8 41.9 47.6 54.2 62.7 0
12.1 23.7 13.2 25.7 14.1 26.6 12.7 23.9 10.5 19.9 8.7 16.4 6.3 13.3 5.8 12.7 6.6 14 7.7 16.1 8.9 18.8 10.5 21.2 43.5 70 59.7 95.5 67.1 87.6 69.5 80.7 0
11.4 27.6 12.7 29.5 12.9 29.3 10.8 26.1 7.7 21.1 5.2 16.8 3.4 13.3 3 12.6 3.4 14.3 5.2 17.3 6.9 20.6 9.1 24.3 33.8 38.2 41.2 56.9 61 66.4 46 57.6 0
10.5 21.2 11.9 22.9 12 23 10.5 21.8 7.8 19.2 5.7 16.6 3.7 14.4 2.5 13.8 3.6 14.6 5.1 16.1 6.8 18.2 8.9 19.7 54.6 67.1 62.9 66.7 67.3 76.2 60 68.2 0
9.2 19 10.7 21.3 11.4 21.8 9.9 19.3 8.1 16 7.6 14.3 5.8 12.5 4.8 12.2 5.8 13.2 6.3 14.4 7.2 15.9 8.1 17.7 71.2 84.6 86.4 134.3 144.1 162.1 93.4 125.2 0
10.4 20.5 11.6 22.2 11.7 22.2 10.3 20.8 8.1 18.6 6.2 15.9 4.4 13.8 3.6 13.2 4.3 14.1 5.7 15.9 7.1 17.7 8.9 18.9 42.2 61.6 47.5 51.4 44 58.1 40.7 53.7 0
11.9 27.4 13.9 29.1 14.2 28.8 11 25.5 6.6 21.4 2.6 16.5 0.8 13.1 -0.2 12.3 0.7 14 4.2 17.4 6.1 20 9.2 23.4 51.5 67.1 42.7 50.5 50.7 56.8 60 78.6 0
11.8 24.2 13.5 26 14 26.6 12.6 23.9 10.1 20 8.3 16.5 6.1 13.5 5.2 12.9 5.8 14.2 7 16.3 8.4 18.9 10.1 21.5 41 49.2 38.7 46.6 36.1 40.4 49.7 60 0
10.2 20.6 11.4 22.5 11.6 23.5 11 21.8 9 18.8 7.4 16.2 5.7 13.7 5.1 13 5.7 13.8 6.6 15.2 7.4 17.1 8.7 18.8 32.9 44.4 47.6 77.5 76.9 88.3 54.8 73.7 0
11.1 24.8 12.3 27.1 13.1 26.5 11.5 24.4 9.3 19.9 7.3 16 5.1 13 4.8 12.7 5.3 14.1 6.6 16.6 8 19.1 9.3 21.5 54.2 66.2 50.5 70.9 50.6 59.9 65.3 72.2 0
16.6 25 17.9 25.6 18.3 25.6 16.8 24.5 14.2 22.5 11.9 20 9.5 17.5 8.5 16.9 8.8 18.2 10.6 20.2 12.7 22 14.3 22.8 95.2 156.4 110.8 176 62 114.6 67.8 116.6 0
11.4 21.6 12.8 23.7 13.2 24.7 12 22.5 10.2 19.4 8.5 16.7 6.6 14.1 6 13.4 6.7 14.3 7.6 15.9 8.7 17.9 10.1 19.6 45.3 60.4 62.5 98.4 96.4 102.3 69.9 89.5 0
10.9 24.4 12.2 26.9 12.3 27.4 10.5 24.3 8.6 20.6 7.4 16.8 6 13.8 5.2 13.1 5.7 14.1 7.2 16.9 8.1 19.5 9.3 21.4 48.7 60.4 51.7 70.8 60.8 72.7 68.2 77.7 0
14.3 21.6 15.8 23.3 15.9 23.6 14.9 22.5 12.5 19.8 9.9 17 7.9 14.8 6.9 14 7.9 14.8 9.4 16 10.9 17.6 12.6 19.6 74.3 91.4 86.4 100.4 111.4 125.6 80.2 92.9 0
10.8 21 12.1 22.3 11.6 21.8 10.3 20.1 6.9 17.4 3.7 14 1 11.3 0.8 10.7 2.1 12.1 4.3 14.5 6.5 17.11 8.6 19.1 41.7 46.4 53.3 57.6 50.5 68.3 41 49.9 0
10.4 17.4 11.5 18.9 11.5 18.9 10.3 17.4 8.3 15.5 5.8 12.8 3.8 10.3 3.2 9.9 4.1 11 5.7 12.9 7.2 14.8 8.6 16 73.8 87.8 71.4 89.2 90.1 100.1 70.6 90.3 0
11 22.3 12 24.4 12.3 24.9 10.9 23 8.3 20 5.9 16.7 4.1 14.2 3.3 13.8 4.2 14.6 5.9 16.2 7.8 18.1 9.3 20.1 62.2 98.5 90.8 105.3 116.3 137.3 95.7 107.3 0
10.6 18.2 11.7 19.6 11.9 20.1 10.5 18.9 8.3 16.7 5.9 14.2 3.8 12.4 3 12.1 3.9 12.6 5.7 14 7.5 15.1 8.7 16.6 172 277.8 217.4 248.7 223.8 232.5 240 285.6 0
13.6 22 15.1 23.9 15.5 24.4 14.7 23.1 13 20.8 11 18.3 9.2 16.2 8.4 15.4 8.5 15.6 9.4 16.7 10.6 18 12.1 19.8 88.4 93.9 76.5 114.2 147.9 166.6 96 125.4 0
13.4 23 14.6 24.4 14.5 24.1 12.8 22.6 10.2 19.9 7.1 17.1 4.9 14.5 4.6 14.1 5.2 14.8 7.1 16.9 9.4 19.2 11.1 21 47.7 61.7 62.5 84.7 67.4 91.5 54.6 64.5 0
11.8 20.6 13 22.3 12.9 22.4 11.4 20.7 8.3 18 4.9 15.3 2.4 12.9 1.6 12.3 3 13.1 5.4 14.9 7.8 16.8 9.7 18.6 54.2 75.6 76.7 83.6 83.7 90.9 69.8 93.2 0
12.3 19.7 13.7 21.6 13.7 22.2 12.6 20.9 10.6 18.6 8.6 16 6.7 14 5.9 13.3 6.4 13.7 7.9 14.9 9.3 16.1 10.7 17.8 89.9 101.8 109.1 134.5 129 146.6 111.9 131 0
11.3 20.9 12.5 22.7 12.7 23.2 11.2 21.4 8.9 18.6 6.5 15.4 4.6 13 4.2 12.5 4.8 13.2 6.6 14.9 8 16.7 9.4 18.5 56.4 84.9 67.2 85 70.5 89.2 72.2 84.6 0
9.4 20.7 10.7 22.6 10.6 22.7 8.8 19.9 6.2 16.1 3.3 11.9 0.7 8.6 0.1 8.2 1.3 10.3 3.6 13.5 5.6 16.2 7.4 18.6 58.3 77.9 74.8 89.5 64.8 81.8 68.6 95.3 0
11.3 20.9 12.6 22.9 12.8 23 11.3 20.9 8.7 18.2 6 15.1 4.2 12.6 3.4 12 4.1 12.8 5.8 14.6 7.7 16.6 9.4 18.7 90 114.4 109.3 115.8 137.6 143.9 102.5 114.6 0
13.2 19.6 14.4 21.3 14.3 21.1 13.5 19.8 11.3 17.3 9.1 14.8 7.3 12.8 6.4 12 6.9 12.7 8.3 14.2 9.7 15.9 11.3 17.8 48.4 74.1 76.1 99.3 106 113.4 73.8 81.6 0
11.5 20 13.6 22.4 13.4 22.5 10.8 18.7 7.6 14.4 3.7 9.1 1.9 6.5 0.7 5.6 0.6 6.4 2.9 9.9 4.8 13.1 8.9 17.7 63.7 77.6 63 79.4 53 79 53.8 72.9 0
10.1 21.1 12.1 23.4 11.5 23.5 8.9 19.6 5.7 14.9 2.6 9.2 0.8 6.4 -0.5 5.5 -1 6.6 1 10.4 2.7 14 7.2 18.8 62.7 84.9 66 76.2 57.1 79.7 50.5 73.3 0
10.7 17.7 12.8 20.3 12.5 20.9 10.2 18.3 7.1 14.5 4 9.7 2.3 7.1 1.1 6.1 0.5 6.5 2.3 9.2 4.1 11.4 7.9 15.3 59.2 66.7 78.1 83.9 44.5 73.2 45.5 56.2 0
8.9 17.1 11.1 19.6 11.1 19.6 8.4 15.9 5 11.4 1 5.8 -0.9 3.3 -2.3 2.3 -2.4 3.2 -0.1 6.7 1.9 9.9 6.2 14.7 72.9 100.4 88.1 105.7 76 108.8 76.8 95.3 0
9.9 21 11.7 23.4 11.2 23.3 8.2 19.1 5.4 13.9 1.9 7.9 0.3 5.3 -0.8 4.4 -1.2 6 0.9 10 2.5 13.5 6.8 18.2 63.9 78.1 78.2 95.1 78.9 118.8 61.9 86.7 0
12.4 25 13.7 27.2 13.3 26.9 10.1 23.3 5.7 17.4 1.6 10.8 -2.6 5.2 -4.6 3.7 -2.3 6.8 0.7 12 4.7 17.2 9 22 93 111 74 91 63 86 79 98 0
11.4 23.1 12.8 25.5 12.6 25.7 9.7 22 5.7 16.5 1.6 9.7 -2.8 3.5 -4.4 2.7 -2.3 5.9 0.7 10.4 4.4 15.1 8.5 20.3 71 91 70 94 67 85 70 82 0
12 24.2 13.2 26.3 12.9 26.4 10 22.9 5.9 17.6 1.6 11 -2.5 5 -4.5 3.6 -2.3 6.8 0.6 11.7 4.7 16.7 8.8 21.4 84 111 56 71 55 72 61 92 0
12.1 23.5 13.8 25.9 13.4 26 10.4 22.6 5.7 16.6 1.2 9.6 -2.7 4.1 -4.9 2.2 -2.9 4.9 0.3 9.8 4.8 15.7 9 20.3 51 75 35 48 28 40 38 73 0
13.5 25.6 15 28 14.4 27.6 10.9 23.5 6.2 17.3 2.2 9.8 -1.5 4.4 -4.2 2.6 -2.9 5.5 1.2 11.7 5.7 17.3 10.4 22.4 57.6 81.8 54.3 61.3 41.8 54.7 45.3 69.2 0
12.7 24.6 14.2 26.7 13.7 26.2 10.4 22.3 5.8 16.2 1.8 9.3 -1.9 4.4 -4 3.1 -2.5 6.1 0.9 11.3 4.9 16.4 9.2 21.3 81 99.3 71.6 84.8 41.9 63.8 51.6 78.8 0
11.4 22.6 12.7 24.5 12.6 24.2 9.5 20.2 5 14.1 0.9 6.6 -3 1.9 -5.2 0.2 -3.3 3.1 -0.2 8.5 3.9 14.4 8.3 19.5 56.3 72.2 30.7 37.6 23.8 27.1 24.4 61 0
10.6 21.9 11.9 23.6 11.6 23.4 8.7 19.4 4.7 14 0.9 6.7 -3.2 2 -5.6 0.4 -4.1 2.8 -0.8 7.7 3 13.5 7.3 18.9 91.1 104.4 42.3 58.8 26.7 34.3 34 91.2 0
10.5 21.4 11.9 23.3 11.7 23 8.7 19 4.3 13.1 0.2 6 -3.3 2 -5.4 0.4 -4 2.7 -1 7.7 2.6 13.3 7.1 18.3 66.2 72.7 30.5 40 22.6 25.3 28.1 77.2 0
11 19 13 20 13 20 10 17 7 12 3 7 -1 4 -2 2 -2 2 -1 5 2 10 7 15 45 57 47 53 24 47 34 40 0
7 11 8 13 9 13 7 11 5 9 3 7 2 6 1 5 2 6 2 6 3 7 5 9 61 83 127 155 95 142 70 132 0
13 23.5 15.1 26.4 15.2 26.6 12.5 23.7 9.5 18.8 5.5 13.4 3.8 10.7 2.8 10 3.4 11.7 4.6 14.5 6.6 16.5 10.3 20.5 54.5 63.8 90.3 106.8 82.6 106.7 70 83.8 0
10.8 18.1 12.8 20.4 13 20.6 11.4 18.7 9.3 15.3 6.5 11.9 5.2 10 4.2 9.1 4.2 9.4 5.1 11 5.8 12.5 8.5 15.6 50.9 60.4 89.2 121 115.8 141.6 72.6 97.5 0
11.2 22.5 13.4 25.9 13.2 25.8 10.3 22.2 7.1 16.9 2.6 11 0.7 8.2 -0.3 7.3 0.5 9.3 2.2 12.5 4.1 14.8 8.2 19.2 53.6 67.2 38.1 64.3 26.8 33.3 26.4 85.3 0
11 20 13.1 22.7 12.9 23.1 10.7 19.4 7.4 14.7 3.8 9.3 2.1 6.6 1 5.7 1 6.7 3.1 10.1 4.7 13.1 8.4 17.5 52.8 68.1 63.6 71.5 43.6 68.1 50.4 62.5 0
13.1 23.5 15.6 27 15.3 26.7 11.9 22.3 8.4 16.7 3.6 10.2 1.5 7.1 0.1 6.2 1.2 8.4 3.3 12.4 5.6 15.3 9.9 20 62 80.2 75.1 94.7 50.5 55.5 54.8 87.8 0
12 21.9 14.2 24.7 14 24.8 11.8 21.8 8.9 17 5.2 12.2 3.7 9.5 2.8 8.7 3 9.9 4.4 12.7 6 14.9 9.5 18.7 40.8 46.6 68.2 84.8 74.9 92.7 58 62.8 0
13.3 21.8 15.5 24.4 15.4 24.6 12.5 20.8 9.2 15.8 5.3 10.4 3.6 7.8 2.5 6.9 2.8 8.2 5.1 11.8 6.8 14.7 10.5 19 43 63.1 51.9 59.7 43.7 58.7 48.5 65 0
12.1 22.4 13.9 25.1 13.6 25 10.3 20.7 6.6 14.6 2.3 8.3 0.3 5.3 -1 4.2 -0.7 6.2 2.2 11.1 4.6 14.9 9 19.6 57.9 76.7 49.8 62.1 30 44.5 36.1 78.2 0
13.3 24.2 15.7 27.6 15.9 27.5 12.9 24.2 9.6 18.9 5.2 13 3.3 10.1 2.2 9.4 3.2 11.2 4.5 14 6.5 16.2 10.3 20.5 45.4 64.4 50.7 52.3 51.3 52.2 53.8 77.2 0
12.3 21.6 14.3 23.7 14.1 23.6 10.6 18.8 6.4 13.4 2.2 7.1 -0.4 4.4 -1.9 2.9 -1.5 4.2 1.3 8.5 4.2 13.2 9 18.9 55.5 68.7 37.3 45.1 33.3 55.3 37.1 53.8 0
10.3 20.2 12.4 22.4 12.1 22.6 9.3 18.4 5.8 13.5 2.3 8 0.3 5.1 -1.1 3.9 -1.1 4.8 1.3 8.7 3.4 12.8 7.4 18 61.2 73.4 55.4 60.1 35.6 61.6 40.8 54.2 0
11.8 21.3 13.7 23.6 13.6 23.7 10.4 18.8 6.4 13.5 1.9 6.9 -0.6 4 -2.2 2.7 -1.8 4.1 1.3 8.4 3.9 12.9 8.6 18.7 68.5 82 44.5 53.5 34.9 56.9 43.1 60 0
10.2 20.1 12.1 22.5 12 22.7 9.1 18.3 5.1 12.7 0.9 6.4 -1.5 3.4 -3.1 2.2 -2.9 3.2 0.3 7.8 2.8 12.2 7.1 17.5 52.8 62.5 36.8 40.5 23.8 31.5 35.5 54.8 0
11.6 19.9 13.7 22.2 13.7 22.3 11.1 18.3 7.6 13.7 3.6 8.2 1.6 5.6 0.2 4.5 0.3 5.5 2.9 9.1 5 12.7 9.1 17.6 78.8 92.8 75.1 81.1 58.1 93.1 61 78.2 0
11.7 22.3 13.7 24.8 13.4 24.8 10.1 20.1 6 14 2.1 7.7 0 5 -1.3 4 -1.2 5.6 1.9 10.4 4.1 14.5 8.4 19.5 52.9 64.9 50 54.6 37.1 55.7 42.8 60.2 0
13.2 22.7 15.5 25.3 15.4 25.2 12 21 7.9 15.1 3.4 9.1 1.1 6.3 -0.1 5.1 0.5 6.8 3.6 11.3 5.9 15 10.3 19.8 84 109 70.8 75.9 53.1 73.6 58.3 102.8 0
10.5 19.9 12.7 22.1 12.5 22.2 9.6 17.9 6 13 2.4 7.5 0 4.6 -1.4 3.5 -1.2 4.4 1.1 8 3.3 12.3 7.4 17.5 73 76.9 63.6 69.4 42.4 77.7 45.6 62.9 0
10.5 20.6 12.6 22.8 12.2 22.9 9.5 18.6 5.9 13.4 2.4 7.7 0.2 4.9 -1.3 3.8 -1.4 4.7 1.1 8.7 3.2 13 7.3 18.2 58.7 71.2 48.8 54 36.1 62.2 43.6 52.7 0
11 20.3 13 22.6 12.7 22.8 9.8 18.4 5.9 13 2.1 6.7 -0.2 3.9 -1.5 2.8 -1.5 4.2 1.5 8.7 3.9 12.8 8.1 17.9 56.6 76 51.8 59.3 40 67 44.8 64.3 0
10.2 18.8 12.8 21.3 12.6 21.3 10.4 17.3 6.5 12.6 2.5 7.1 0.4 4.8 0 4.5 0.4 5.2 1.5 7.7 3.8 11.5 7.1 16.2 70.5 87.8 56.8 74.2 50.3 76.6 42.4 61.6 0
10.7 21.3 12.8 23.7 12.3 23.7 9.6 19.6 6.2 14.6 2.5 9 0.6 6.2 -0.7 5.2 -0.9 6.6 1.7 10.5 3.6 14.2 7.7 19 65.3 87.6 61.7 69.3 46.6 70.7 50.5 72.4 0
11.4 21.5 13.3 23.7 13.3 23.9 10.2 19.3 6 13.7 1.8 7.2 -0.7 4 -1.9 3.2 -2 4.1 1.2 8.7 3.7 13 8.1 18.6 55.1 58.6 35.8 44.5 26.7 38.9 36.5 42.4 0
10.8 21.6 12.6 23.8 12.4 24 9.5 19.3 5.5 13.9 1.7 7.5 -0.6 4.3 -2.1 3.2 -2 4.5 1 8.9 3.4 13.6 7.8 19.2 47.7 61.4 31.9 37.6 26.8 42.5 34.5 45.4 0
10.4 20.5 12.6 23.1 12.3 23 8.9 18.8 4.7 13.2 0.2 6.9 -2.3 3.7 -3.7 2.7 -3.2 4.3 0.1 9 2.8 12.5 7.2 18 110.5 131.6 65.4 86.3 45.2 60.8 57.7 93.4 0
11 21.7 13 24 12.6 24 9.1 19.3 5 13.4 0.9 6.8 -1.5 3.8 -2.9 2.7 -2.8 4.5 0.4 9.3 2.9 13.5 7.7 19.1 60.3 75.2 44.5 51.4 34.1 52.1 41.3 59.3 0
7.9 19.1 10.2 21.7 10.1 21.5 6.8 18.2 2.8 13.6 -2.4 7.2 -5.3 3.6 -6.6 2.9 -6.1 4.4 -2.8 8.1 0.3 11.4 4.6 16.7 199.8 229.1 114.6 145.2 111.8 134.5 121 139.9 0
10.9 21.9 12.8 24.1 12.6 24.2 9.3 19.3 4.9 12.7 0.6 5.6 -2 2.4 -3.6 1.2 -3.1 3.4 0.5 9.1 3.2 13.9 7.8 19.4 64.7 81.4 48.5 52.1 34.1 50 38.6 57 0
11.9 18.7 14.1 21 14.2 21.3 11.1 17.4 7.3 12.7 3.2 7.4 0.6 4.5 -1.1 3 -0.8 3.6 1.3 6.8 4.1 10.6 8.3 16 57.3 65.8 44.2 56.3 29.7 50.5 35.8 47.9 0
10.9 20.4 13 22.9 12.9 23 9.8 18.7 6.1 13.3 1.8 7.1 -0.2 4.4 -1.4 3.3 -1.1 5 1.7 9.2 3.9 12.9 8.1 17.7 59.7 78 66.1 84.4 59 93.3 56.8 74.1 0
11.9 21.1 14.1 23.9 13.9 23.9 10.5 19.7 6.5 14.2 2 8 -0.1 4.9 -1.3 4 -0.9 5.5 2.2 10 4.5 13.6 8.9 18.5 63.9 92.5 49.7 53.9 33.5 48.6 39.3 82.4 0
11.1 21.3 13 23.8 12.8 23.9 9.8 19.5 6.3 13.7 2.3 7.4 0.4 4.7 -0.9 3.7 -0.8 5.3 2 9.8 4 13.7 8.2 18.6 59.6 72.3 62.2 70.7 52 76.8 52 67 0
13.9 24.4 15.4 26.5 14.9 26 11.5 22.1 6.7 16.1 2.1 8.1 -1.8 3.1 -4 1.2 -1.7 4.5 1.7 10.2 6.3 16.3 10.8 21.4 51 63 33 52 31 40 29 55 0
13.1 24.6 14.4 26.5 13.7 26.1 10.3 22.4 5.3 16.5 1.3 8.5 -2.8 2.6 -5.5 0.6 -3 4.1 0.6 10.4 5.4 16.6 10.1 21.7 61 80 31 45 30 44 34 59 0
13.1 24 14.4 26.2 14.1 25.6 10.8 21.6 5.9 15.9 1.9 8.3 -1.9 3.3 -4 1.9 -2 4.6 1.4 10.2 5.5 16 9.9 21.1 53 65 35 53 32 38 28 55 0
13.6 24 15 26.3 14.7 25.9 11.7 22.3 7 16.6 2.2 8.8 -1.7 3.4 -4 1.6 -1.7 4.8 1.6 10.3 6 16 10.5 20.9 61 84 37 56 32 44 38 63 0
13.4 25.3 14.4 27.4 13.9 27 10.4 23.4 5.6 17.6 1.7 9.5 -2.1 3.8 -4.8 1.7 -2.5 5.1 0.9 11.2 5.5 17.1 10.3 22.3 50 72 26 41 25 40 29 51 0
6.7 11.7 8.3 13.3 7.9 13 5 10.1 2.2 6.8 -1.3 3.4 -2.8 2.2 -3 1.9 -2.1 2.8 -2 3.2 0.4 5.7 3.6 9.4 50 61.8 66.5 85.6 71.8 78.7 43.8 81.8 0
9.5 15.7 11.1 16.8 11.1 17.2 9.8 15.7 8.2 13.4 5.1 10.3 4.3 9 3.1 8.2 2.9 8.3 3.9 9.7 4.9 11.6 7 13.7 67 94 108 133 80 124 58 96 0
9.2 16.6 11.1 18.5 10.9 18.2 9.4 16 7.5 13.1 4.5 9.9 3.7 8.5 2.6 7.6 2.5 7.5 3.1 9.3 4.2 11.3 6.5 13.8 66 89 96 125 116 138 68 99 0
9.6 15 11.4 16.2 11.4 16.6 10.1 15.3 8.3 13 5.2 9.8 4.2 8.4 3.2 7.6 2.9 7.5 3.7 8.7 5 10.3 7.1 12.7 64 91 102 118 76 114 58 86 0
9.6 17.2 11.4 18.9 11.1 18.6 9.6 16.6 7.6 13.7 4.2 9.8 3.2 8.4 2.5 7.6 2.5 7.5 3.1 9.5 4.4 11.4 6.8 14.2 50 70 65 70 50 76 51 55 0
9.9 16.9 11.9 18.5 11.6 18.2 10.1 16.2 7 13.2 4.4 10.2 3 8.9 1.8 7.3 2 7.8 3.2 9.5 4.7 12.4 6.6 14.2 58 115 107 132 65 124 52 104 0
8.4 18.1 10.4 19.9 9.9 19.6 7.9 17.2 6.1 13.9 2.8 10.1 2.1 8.4 1.4 7.7 1.6 7.9 2.3 10 3.4 12.4 5.6 15.1 50 69 73 84 66 88 51 63 0
9.6 15 11.4 16.2 11.4 16.6 10.1 15.3 8.3 13 5.2 9.8 4.2 8.4 3.2 7.6 2.9 7.5 3.7 8.7 5 10.3 7.1 12.7 64 91 102 118 76 114 58 86 0
10.1 17.9 12 19.4 11.7 19.2 10.1 17.2 8 14.2 4.5 10.4 3.6 8.9 2.6 8.2 2.7 8.5 3.6 10.5 4.8 12.7 7.3 15.3 57 82 82 95 72 100 56 72 0
10.9 18.3 13.6 19.9 13.6 20.1 10.2 16.4 6.4 11.5 1.7 6.2 -2.5 2.3 -5.2 -0.4 -5.1 -0.4 -2.2 3.2 2 8.9 6.9 15 56 83 80 90 31 68 36 39 0
10.2 19.9 12 22 11.8 21 9.3 18.2 5.7 13 1.2 6.6 -1.3 3.3 -2.3 2.3 -1.8 4.2 0.6 8 3.3 12.1 7.1 16.8 68.4 82.2 70 83.2 61.7 79.6 61.2 81.2 0
10.4 19.2 12.5 21.4 12.3 21.8 10.2 18.4 7 14.1 3.9 9.2 1.9 6.5 0.5 5.4 0.2 6 2.4 9.2 4 12.4 7.8 17.1 61.4 67.5 82.1 89 43.4 74.9 41 58.9 0
10.2 19.8 12.5 22.1 12 22.3 9.6 18.7 6.5 14.2 3.2 9.1 1.3 6.4 0 5.2 -0.1 6.1 2 9.6 3.5 12.9 7.5 17.6 58.2 71.7 72 81.2 47.5 76.8 44.5 65.4 0
10.9 17.4 13.3 19.7 13.5 20.2 11.2 17.6 8 13.7 4.5 9.3 2.3 6.6 0.8 5.2 0.6 5.2 2.5 7.9 4.4 10.7 8.2 14.9 53.2 60 86.6 91.9 39.6 71 34.9 53.8 0
9.1 19.4 11.3 21.4 11.1 21.9 8.8 18.2 5.6 13.5 2.5 8.4 0.5 5.5 -0.8 4.4 -0.8 5 1.2 8.6 2.7 12.2 6.5 17 56.6 73 69.8 78.1 44.9 75 44.1 61.3 0
10.9 20.3 13 22.5 12.8 22.7 10.1 18.8 6.6 14.2 3 8.7 1.2 6.1 -0.1 5 -0.2 5.9 2.2 9.7 4 13 8 17.8 58.1 73.9 60.4 66 50.7 70.2 46 63.8 0
9.5 19.8 11.7 21.9 11.2 22.1 9 18.3 5.9 13.6 2.6 8.3 0.8 5.5 -0.6 4.4 -0.7 5.3 1.5 9 2.9 12.7 6.9 17.4 59.8 73.8 64.2 67.4 42.9 76.7 46.3 65.6 0
12.1 18.4 14.5 20.9 14.9 21.3 12.8 18.2 9.4 14.2 5.6 9.6 3.3 6.9 1.9 5.6 1.7 5.9 3.7 8.7 5.7 11.6 9.4 15.9 57.4 65.5 69.9 79.8 41 66.9 41 52.6 0
10.2 16.8 11.5 17.6 11.6 17.4 9.1 14.2 6.6 11.2 2.8 6.9 0.6 4.7 -0.4 3.6 -0.5 4 0.9 5.9 3 9.1 7.2 14 132 190 259 283 152 235 106 170 0
9.4 18.6 11.1 20.1 10.4 19.3 7.8 15.6 4.7 11.4 0.2 6.2 -3.4 3 -4.8 1.3 -5.1 1.9 -2.2 4.4 0.7 8.9 5.6 14.3 75 118 141 164 80 121 59 87 0
11 19 13.3 21 13.1 21.3 9.7 16.9 5.8 12 1.5 6 -1.6 2.9 -3.4 1.4 -3 2.1 -0.5 5.5 2.7 10.1 7.4 15.6 55.8 66.7 42 54.9 17.9 33.7 22.4 48.9 0
11.1 21.7 12.7 23.4 12.3 23.4 8.8 18.5 4.3 13.5 -0.2 6.4 -3.5 2.4 -5.5 1 -4.2 2.9 -0.9 7.8 3.1 13.5 8 19.2 76.2 94 40.3 59.9 29.7 37.9 35.1 73.7 0
10.9 21.8 12.7 23.7 12.3 23.7 8.9 18.3 4.9 12.8 0.9 6.1 -1.9 2.8 -3.6 1.5 -3.1 2.9 -0.2 7.6 2.9 13.3 7.8 19.3 55.4 76 32.8 43.6 22.9 38.9 31.3 47.1 0
7.7 17 9.3 18.6 8.7 18.2 9.4 18.1 1.2 8.6 0.1 5.6 -3.2 1.7 -5.1 0.3 -4.2 1.7 -0.8 6.8 3.7 12.8 8.5 18.5 68 93 37 65 25 39 30 74 0
11 21.2 13.1 23.3 12.6 23.2 9.4 18.3 5.6 13 1.7 6.7 -0.9 3.6 -2.7 2.3 -2.2 3.6 0.2 7.9 3.1 13 7.6 18.8 53 65 37 44 28 45 35 48 0
11.3 21.9 12.9 23.6 12.3 23.4 8.6 17.9 4.4 12.3 0.3 5.5 -2.8 1.9 -4.8 0.4 -4 1.9 -1 6.8 3.1 13.1 8.1 19.3 59 73.2 36.6 49 22 34.6 28.1 50.7 0
14.5 25 16 26.8 15.7 26.5 11.9 22.6 6.6 15.9 1.9 8.5 -2.7 2.6 -5.7 0.2 -3.7 1.8 -0.2 7.9 5.6 15.9 11.1 21.6 56 76 28 48 36 40 33 56 0
13.8 25.8 15.5 27.4 14.7 27.3 10.3 23 5.3 16.1 1.3 8.6 -2.8 3.3 -6.1 0.7 -4.3 2.3 -0.7 7.8 5.1 16.5 10.3 22.5 49 72 26 38 33 38 28 52 0
15 25.3 16.3 27.3 16.1 27.3 13 23.7 8.3 18.1 4 11 -0.2 5.3 -2.3 3.5 -0.2 6.4 3.3 11.9 7.8 17.5 12.1 22.5 51 90 40 54 44 58 50 71 0
13 25 14.2 25 13.7 27.2 10.7 23.9 6.3 18.2 2.4 11.5 -1.6 5.6 -3.8 3.8 -1.7 6.7 1.4 11.8 5.5 17.3 10.1 22 53.3 84.7 38.2 48.2 38.7 47.6 44.4 73.8 0
13.4 25.9 14.5 28 14.4 28.5 11.1 24.8 6.5 18.9 2.4 11.7 -1.4 5.4 -3.5 3.8 -1.3 7.1 1.8 12.3 6.1 18 10.4 22.9 43.3 69.7 34.1 56.8 40.3 53.6 45.3 66.7 0
13.6 25.2 14.7 27.2 14.2 27.2 11.2 23.7 6.3 18 2.2 10.3 -1.9 4.5 -4.4 2.5 -2.3 5.7 1.2 11.5 5.8 17.2 10.6 22.2 55.3 82.5 34.8 45.9 34.8 44.2 40.7 56.9 0
11.4 23.9 12.5 26.4 12.3 26.7 9.4 23.1 5 17.1 0.9 10.2 -3.1 4.2 -4.9 2.4 -2.8 5.5 0.2 10.5 4.2 15.7 8.5 20.7 44 60.3 42.1 68.2 36.1 55.5 38.8 68.2 0
14 26.8 15.6 28.8 15 28.5 11.1 24.6 5.7 18 1.6 10 -2.6 3.8 -5.5 1.5 -3.3 4.1 0.3 10.5 5.6 18 10.5 23.3 58 77 32 49 36 43 38 70 0
12.9 24.5 14.7 26.9 14.5 26.7 10.7 21.7 5.6 15.4 1.4 7.6 -1.5 3.6 -3.5 2.4 -2.2 5 1.3 10.6 4.9 16 9.6 21.6 52 61 37 50 37 48 36 54 0
12.8 24.8 14.3 27 14.1 27 10.3 22.1 5.7 15.9 1.3 8 -1.8 3.7 -3.7 2.5 -2.3 5.5 1.3 11.1 5.1 16.5 10 22 53 59 39 51 27 39 28 57 0
11.8 23.2 13.4 25.1 13.1 25.1 9.2 20.3 4.5 14.3 -0.2 6.2 -3.9 1.4 -5.6 0.5 -3.9 3.2 -0.4 9.3 4.2 15 8.9 20.3 70 86 42 53 24 33 26 70 0
11.3 24 12.8 26.2 12.4 26.3 8.8 21.4 4.1 14.9 -0.2 6.7 -3.9 2.1 -6 0.9 -4.3 4.3 -0.6 10.1 3.5 15.8 8.3 21.1 50 77 44 50 24 33 29 71 0
10.1 22.2 11.5 24 11.2 24.2 8 19.2 3.9 14 -0.1 6.4 -3.7 1.9 -5.8 0.9 -4.6 3.7 -1.3 8.7 2.5 14 7.3 19.6 83 96 49 71 34 54 40 79 0
12.7 23.9 14.6 26.5 14.4 26.2 11 21.5 6.7 15.3 1.7 7.9 -1.7 3.4 -2.8 3 -1.9 6.2 1.4 11.2 4.9 13.5 9.5 20.8 117 154 131 147 71 103 87 113 0
13.7 19.8 15.6 21.8 16 22.5 14.8 21.5 12.6 18.7 10.3 15.8 8.9 14 7.6 13.1 8 13.7 8.6 14.9 9.4 15.5 11.4 17.4 30 42 68 114 102 135 79 85 0
12.6 22.6 14.8 25.2 15.2 25.5 13.2 24.4 10.8 20.8 7.6 16.4 6 14 4.7 13.2 5.1 14.5 5.7 15.9 7.1 16.8 10.1 20.1 62 82 74 141 97 126 90 124 0
11 20 13 21 12 21 9 16 6 12 2 6 -2 3 -3 1 -4 1 -1 5 2 10 7 16 59 75 80 83 40 72 41 49 0
11 20 13 21 12 21 10 17 7 12 3 7 -1 4 -3 2 -3 2 -1 5 2 10 7 16 52 61 57 61 30 58 38 41 0
11 21 13 22 13 20 9 15 5 10 1 5 -3 1 -5 -1 -5 -1 -3 3 1 9 6 16 45 72 50 55 27 46 26 30 0
11.3 22.2 13.3 25.3 13 24.4 10.3 20.8 6.6 14.9 2.1 8.4 -0.5 4.5 -1.9 3.7 -0.9 5.9 0.8 9.8 4.1 13.9 8 18.4 58 77 66 79 69 75 56 68 0
14.2 22.9 16.7 25.8 16 24.7 13.3 21.4 9.1 16.5 4.4 10.6 1 7.1 0.1 6.1 1.3 7.8 3.9 11.6 7.2 15.1 11 18.9 133 171 120 153 63 76 106 194 0
10.8 20.5 12.8 23 12.4 22 10 18.8 6.2 13.3 1.4 6.9 -1.7 2.9 -2.8 2 -1.9 4.2 0.6 8.3 3.7 12.6 7.7 17.3 117 133 69 92 67 73 69 103 0
12 24.8 14 27.6 14.2 27.7 11.2 23.6 7.2 17.7 3.1 11.6 0 7.2 -1.5 6.2 -0.9 7.6 1.2 11 4.6 15.1 8.7 20.4 30 33.5 47.9 90.5 53.7 71.3 55.9 56.7 0
8.6 16.5 10.4 17.9 10.3 17.6 8.8 15.5 6.8 12.5 3.3 8.7 2.3 7.3 1.4 6.5 1.3 6.4 2.1 8.4 3.4 10.7 5.7 13.6 57 83 82 94 60 87 57 70 0
9.2 18.8 11.1 20.6 10.8 20.1 8.8 17.6 6.2 13.8 2.9 9.2 1.3 7.1 0.3 6 0.1 6.2 1.5 8.9 3.3 11.9 6 15.3 47 67 53 59 48 66 48 55 0
10.6 19.2 12.5 21.1 12.4 20.5 10.5 18 8.1 14.3 4.5 10.2 2.9 8.1 2 7.1 1.8 7.2 3 9.7 4.7 12.6 7.7 16.1 67 85 94 111 82 116 62 86 0
8.7 17.3 10.3 18.8 10.2 18.5 8.4 16.2 5.9 13.2 2.1 8.7 0.9 6.9 0.3 6.2 0 6.5 1.5 8.7 3.1 11.1 5.7 14.2 51 65 63 67 42 58 41 51 0
10.1 19.1 12 21 11.7 20.8 9.9 18.4 7.7 15 4.1 11 2.9 9 2 8 2 8 2.9 10.2 4.4 12.7 7.1 15.8 45 54 57 73 71 93 50 61 0
8.5 18.2 10.4 19.9 10.5 19.9 8.7 17.3 6.3 13.4 2.9 8.8 1.2 6.7 0.3 5.8 0.2 5.9 1.6 8.7 3.1 11.3 5.5 15 51 65 55 57 45 61 48 54 0
11.6 20.3 13.7 22.3 13.4 21.9 11.4 19.1 8.9 15.2 5.1 10.4 3.4 8.2 2.4 7.2 2.5 7.6 3.8 10.3 5.6 13 8.7 17 48 54 53 57 36 57 47 51 0
10.2 18.2 12 19.6 11.9 19.5 10 17 7.5 13.7 3.6 9.1 2 7.1 1.3 6.4 1.2 6.6 2.5 8.9 4.3 11.6 7.3 15.3 65 79 74 78 50 78 51 61 0
10 17.1 11.8 18.8 11.7 18.7 10 16.6 7.5 13.4 4 9 2.4 7.2 1.6 6.4 1.5 6.4 2.6 8.6 4.3 10.7 7 13.9 52 71 54 65 42 63 47 53 0
9.6 18.3 11.5 20.2 11.5 20.4 9.7 18.3 7.2 14.6 3.5 9.8 1.7 7.4 0.7 6.3 0.7 6.5 2 9.1 3.9 11.3 6.8 15.1 50 56 50 66 39 58 44 47 0
11.5 17 13.4 19 13.6 19.2 12.5 17.5 10.9 14.8 8.2 11.8 7 10.4 5.9 9.5 5.5 9.2 6.1 10.3 7 11.9 9.1 14.2 49 62 68 95 83 101 50 74 0
8.3 14.4 9.9 15.5 9.8 15.7 8.4 13.9 6.4 11.9 3.1 8.6 2.3 7.4 1.7 6.7 1.4 6.8 2.3 7.9 3.3 9.6 5.9 12.1 63 84 116 138 85 128 61 105 0
10.3 16.9 12.2 18.4 12.3 18.5 11 16.7 8.9 14.2 5.6 10.6 4.1 8.7 3.2 7.7 2.5 7.7 3.8 9.1 5.1 11.4 7.7 14.4 52 74 74 99 56 94 49 65 0
9.8 16.1 11.7 17.7 11.9 17.7 10.7 16 8.8 13.4 5.9 10.5 4.4 8.7 3.4 7.7 2.9 7.4 3.8 8.7 4.9 10.7 7.2 13.7 54.8 67.7 80.3 97.5 60 93.8 50.3 65.6 0
11.8 19.2 14 21.4 14.4 21.8 12.9 19.3 10.6 15.7 7.4 11.8 5.5 9.5 4.3 8.1 4 8.7 5.4 10.9 6.6 13 9.4 16.6 37 48.6 70.3 107.9 73.6 110.5 52 70.8 0
11.1 16.9 13.2 19.2 13.7 19.5 12.5 17.6 10.5 14.7 7.7 11.4 6 9.6 4.7 8.4 4.4 8.2 5.2 9.6 6.2 11.2 8.7 14.4 37.6 46.2 66.8 97.9 76.5 107.3 49.6 66.7 0
12.89 21.92 14.29 22.64 14.33 22.45 12.25 21.21 6.55 18.15 1.2 15.28 -3.63 12.53 -4.33 10.79 -1.54 12.18 1.72 15 5.7 17.29 9.4 19.68 117.22 138.76 10.9 97.17 5.6 10.41 27.92 83.06 0
14.84 24.27 16.93 25.12 16.5 24.99 14.82 23.49 10.82 19.88 6.09 15.87 2.64 12.95 1.5 12.33 3.26 14.04 6.13 17.33 9.5 19.96 12.53 22.54 99.55 142.66 17.87 99.71 7.96 12.03 23.14 49.44 0
16.3 23.8 16.8 23.9 15.9 23.9 14.2 22.5 11.5 20.3 6.9 17.3 2.5 15 1.5 15.1 2.9 17.1 5.5 20.4 9.1 23.5 13.9 24.6 173.2 205.9 40.1 121.6 11.7 13.5 16.2 91.9 0
16.2 16.7 21.9 16.8 22.1 22.4 15.6 8.9 20.9 12.5 21.7 17.7 5.9 5.8 12.7 4.4 14.4 14.2 9 13.8 20.9 11.7 18.3 21.6 565.8 630.9 39 453.4 21.2 76.7 124.6 528.7 0
12.1 11.4 17.7 11.5 18.9 17.9 11.3 9.8 17.4 10.8 18.1 16.5 8.7 8.6 17.6 8.2 16.8 18.7 10.1 12.7 20.6 11.7 20.1 20.9 97.9 152.3 188.4 257.2 36.2 140.3 58.4 150.2 0
14.2 13.9 20.9 14.2 23.3 20.3 12.6 5.9 18.9 9.5 20.1 15.9 3.4 2.4 10.6 1.7 12.9 11.7 5.9 12.8 20.8 10.1 16.1 23.4 155.4 301.8 8.5 207.2 22.3 58.6 36.5 59 0
17.3 17.7 24 18 23.7 24 16.5 8.8 21.7 13.3 23.4 19 5.3 6.5 15.3 4.4 16.3 17 10.7 15.3 23.4 13.8 21.3 23.5 316.8 468.2 38.6 294.1 9.2 22.7 52.8 273.1 0
15.8 14.9 20.9 15.3 23.7 19.8 13.5 7 17.9 10.7 19.6 14.1 4.1 2.7 8.6 2 11.1 9.7 6.5 14.4 18.9 10.9 13.9 22.7 161.1 419 12 206.5 23.2 65.3 46.1 62.8 0
9 25 23.2 11.6 11.6 24.7 8.7 17.5 22.6 0.3 4.8 11.4 -4.6 3 5.7 -6.3 -7.9 4.5 -2.4 16.7 9.3 6 2.8 19.7 5.4 19.4 9.9 37.1 21.8 25.1 37.4 45.1 0
16.1 25.1 15.7 22.4 15.4 21.4 13.4 20.9 10.1 18.6 6.2 14.5 2.4 10.2 0.1 7.2 0.5 7.5 4.3 11.6 9.1 17.2 12.8 21.7 130.3 339.9 32.5 146.5 70.3 145 91.9 176.8 0
13.2 12.7 18.5 12.8 18.9 18.7 12.3 11.5 19.8 11.8 19.2 19.7 11 9.5 20 9.4 19.4 21.1 10.2 12.8 22.8 11.4 22.5 21.4 161 171.9 178.8 226.8 77.7 196 71.5 175.9 0
5.4 19.7 6.4 21.5 5.7 21.8 4 19 1.8 14.6 0.6 10.1 -1 6.7 -1.4 6.4 -0.9 7.9 -0.5 10.7 1.1 14 3.5 17.3 21.7 32 29.2 134 115.6 140.7 24.8 57.8 0
4.9 13.4 5.7 15 5.2 14.1 3.5 12.4 2.1 9.8 0.1 6.3 -1.3 4.6 -1.4 4.5 -1 6.1 0.5 8.8 2.3 11.1 3.9 12.9 30.7 41 47.8 54.5 46.2 60.7 34.6 39.5 0
15.4 15.8 16.3 25.4 25.6 25.8 15.4 12.8 10.2 24.9 22.3 21.1 7.8 8.1 9.2 18.3 19.4 20.9 10.8 12.5 14 21.3 22.6 24.5 142.1 165 90 126.6 74.5 98.1 115.4 134.2 0
8.6 9.1 19.6 9.4 18.5 19.2 8 6 15.2 6.7 17.8 12.7 4.1 4 10.3 3.9 10.7 11.1 4.2 7.2 14.4 5.5 12.8 16.6 90.1 103.1 98.9 234.1 208.5 228.7 111.9 145.9 0
5.7 6.2 14.7 6.5 14.1 14.4 5 1 9.8 3.2 12.8 6.4 -0.7 -0.1 3.7 -1.1 4.2 5.3 1 4.4 10.6 2.6 7.9 12.5 27.8 38.9 29.6 41.6 28.2 30.2 24.2 31.7 0
5.9 21.5 22 6.7 6.9 21.1 6.9 21.3 20.9 4.5 6.2 21.6 3.4 21.4 21.4 3.6 3.1 21.8 5 21.6 21.7 5.7 6.2 21.9 72.6 96.4 34.6 110.3 6.3 11.3 32.8 81.9 0
6.4 18.9 19.4 6.5 6.6 18.8 6.2 19.7 19.1 2.5 4.9 19.8 0.3 19.1 19.5 1.6 0.1 19.8 3.9 20.9 19.8 6.1 5.5 20.7 122.7 145.3 8.7 107 1.5 8.6 21.8 71.9 0
16.4 25.2 23.8 18.4 18.1 25.1 17.6 21.2 24 12.1 14.9 18.2 9.5 14.4 14.8 8.8 8.7 14.7 9.9 18.4 16 14.1 11.4 21 66.6 84.8 79.3 91.4 80.3 93.9 85 93.1 0
14.9 27.2 27.1 14.8 14.5 26.7 14.7 25.5 26.7 14.8 15.1 25.7 13 26.1 25.8 13.4 13 27.8 14.2 27 27.1 15.1 14.9 26.5 119.4 163.8 194.5 283.5 39.8 78.8 62.9 236.1 0
23.2 31.2 23.9 32.2 23.9 32.3 23.3 31.6 21.4 29.6 19.4 27.3 17 25.1 15.9 24.3 15.5 24.4 17.5 25.8 19.2 27.4 21 29.6 165.4 207.6 93 217.4 72.6 83.1 66.8 104.7 1
16 29 16 26 16 26 15 26 12 26 7 25 4 21 5 20 6 22 8 26 13 28 15 31 184.9 273.8 15.3 166 4.5 19.9 3.9 18.8 1
25.1 31.8 24.7 31.7 24.8 32.1 24 31.4 21.9 29.5 18.7 26.5 15.6 23.7 14.9 22.9 15.8 24.3 18.9 26.8 21.4 28.9 24.2 31 150.8 195.3 39.8 264.8 18.4 54.2 16.1 52 1
20.5 33 22.6 35.1 22.1 34.7 18.5 30.4 12.7 25.5 6.3 19.1 1.1 13.9 -0.7 12.7 1.7 15.4 6.3 20.5 11.6 25.4 16.2 29.1 53.1 72.6 37.6 81.5 26.2 29.5 34.5 75.4 1
14.6 26.9 17.1 28.3 16.6 27.8 13.1 24.9 6.4 20.2 2.1 15.2 -1.9 10.2 -4 8.1 -2.6 10 1.9 15.1 5.9 19.9 10.5 23.9 107.4 119.1 91.2 98.3 82.6 99.3 85.3 117.6 1
19 29.9 20.8 31.1 20.6 30.6 17.5 27.7 11.1 22.6 6 17.4 1.7 12.2 -0.3 10.2 1.4 12.8 5.8 17.9 10.1 22.6 14.8 26.4 90.4 127.3 77.5 98 110 122.2 108.2 146.6 1
14.8 26.7 18.2 29.2 17.5 28.5 13.1 24.8 6.5 18.9 2.1 13.2 -3.2 7.4 -5.9 4.7 -4.7 5.8 -0.4 10.9 4.1 15.9 9.8 21.8 67.1 105.2 71.6 90.9 77.7 87.9 84.6 91.9 1
21.9 32.8 23.3 35 23.3 35.3 21 32.5 15.6 27.8 9.9 22.1 5.1 16.7 3.7 14.9 5.6 17.4 10.6 22.2 15.4 26.3 19.2 29.3 51.8 94.5 60.2 87.1 43.4 55.1 47.5 121.4 1
16.6 28.4 19.3 30.7 18.7 29.7 14.7 25.8 7.7 19.6 2.8 13.6 -2.1 7.3 -4.8 4.6 -3.4 6.5 1.2 12.2 5.8 17.9 11.4 23.4 93.2 99.6 75.7 86.6 77.5 86.6 78.5 94.5 1
21.3 32.5 22.9 33 22.6 32.8 20.4 30.8 13.9 26.7 9.4 21.6 5.8 17.4 4.2 15.4 5.8 17.6 10.1 22.4 14.4 26.6 18.2 29.8 113.8 171.2 88.4 123.2 124.7 140.5 122.2 136.4 1
18.4 30.8 20.8 32.2 20.4 31.7 17.2 28.8 10.1 23.7 5.3 18.1 1.6 13.2 -0.4 10.9 1.4 13.8 5.7 18.9 9.6 23.7 14.3 27.2 91.2 133.4 71.4 110 119.9 130 123.2 157.2 1
15.1 24.4 18.7 27.6 18.4 27.2 14.2 23.4 8.4 17.8 3.4 11.7 -2.4 5 -5.6 2.2 -4.9 3.1 -0.6 7.9 4.3 13.7 10 19.3 82.6 96 78 96.8 76.5 88.9 95.3 99.8 1
23.8 32.8 24.3 34.1 24.1 34.2 22.9 32.4 18.9 29.6 15 25.7 11.3 22.1 9.9 20.5 11.4 22.3 15.1 25.8 19.2 28.9 22.2 31 48.3 70.4 38.4 152.4 26.9 39.6 13.5 74.7 1
20.6 30.9 22.6 32.3 22.3 31.7 19.9 29.4 13.5 25.1 8.4 20.8 4.8 16.4 3.2 14.3 4.4 16.1 8.6 20.3 12.2 24.3 17.2 28.2 163.3 183.4 63.2 120.1 80 87.6 67.8 110.2 1
15.4 28.4 18 29.8 17.4 29.1 13.6 26 6.8 20.1 2.4 14.1 -2.2 7.8 -5 5.1 -3.5 7.4 1.7 13.7 6 19.3 10.8 24.2 91.2 126.7 73.4 91.2 73.9 86.1 84.1 100.1 1
18.7 29.9 20.9 31.6 20.5 30.9 17.2 27.7 10.3 22.2 5.3 17 0.4 11.3 -1.3 9.4 -0.1 11.7 4.1 16.8 8.6 21.8 13.6 25.7 86.1 99.6 82 88.9 88.4 97.5 68.1 112.5 1
17.7 30.2 20.2 31.7 19.8 31.2 17 27.8 9.4 22.2 4.4 16.2 -0.4 10.4 -2.2 8.2 -0.5 11.3 3.9 16.6 8.2 21.9 13 25.8 89.4 123.2 81.8 117.1 122.2 131.3 109.5 153.2 1
15.6 27.8 18.2 29.7 17.2 28.9 13.7 25.5 6.8 18.9 1.8 11.8 -3.7 5.3 -6.9 2.6 -5.2 4.9 0.6 11.7 5.7 17.9 11 23.3 85.1 107.7 72.6 87.9 65.8 80 95.3 108.7 1
18.9 31.6 21.1 33.1 20.7 32.3 17.3 29.5 10.1 24.6 5.3 19.9 1.6 14.9 0.1 12.9 1.2 15.2 5.7 20.1 9.7 24.7 14.6 28.6 121.9 154.7 73.7 93.2 91.2 112.3 83.3 122.4 1
20.2 32.4 22.1 33.2 21.9 32.9 19.1 30.1 12.3 25.3 7.2 20.1 3.4 15 1.8 13.4 3.1 16.1 7.3 20.6 11.2 25.2 16.1 28.7 94.7 140.7 56.4 90.4 116.6 126.2 105.9 146.6 1
14.4 26.9 17.1 28.7 16 27.8 12.7 24.6 6.1 18.1 1.3 10.8 -4.1 4 -7.5 1.2 -6 3.3 -0.4 10.3 4.4 16.7 10.1 22.4 94.5 109.5 54.6 81.8 55.4 72.6 81.5 99.8 1
23 32.4 23.8 34.1 23.9 34.1 22.4 32.1 17.7 28.8 13.1 24.3 9.1 20.2 7.4 18.3 8.9 20.6 12.9 24.3 17.3 27.6 20.8 30.1 60.7 85.9 40.4 140.2 32 49.8 23.9 84.6 1
21.1 33.3 23.4 35.8 23.1 35.7 19.4 31 13.2 25.8 7.4 19.3 2.4 14.2 0.4 12.3 2.7 14.9 7.6 19.9 12.6 24.6 17 28.3 56.1 75.7 58.2 89.4 46.5 55.4 70.4 124 1
21.4 31.6 22.4 33 22.7 32.3 22.2 31.1 18.5 28.1 14 24.9 10.1 21.9 8.4 20.9 9.3 21.7 12.1 24.2 14 26.6 18.1 29 131.3 154.7 77 167.9 68.8 79.5 64.5 97.5 1
17.4 30.1 19.7 31.7 18.3 30.7 14.2 27.1 7.1 20.9 2.5 13.3 -2.9 6.4 -6 3.8 -3.9 6.5 2.1 13.3 7.2 19.7 12.3 24.9 79 102.6 72.9 94.7 67.6 93.2 102.1 120.6 1
18.8 31.1 21.1 33.9 20.4 33.6 16.6 29.6 9.3 24.3 3.6 17.1 -1.5 10.7 -3.6 9.1 -1 11.9 4 17.8 9.2 23.4 14.3 26.9 74.2 86.1 82.3 101.3 48.3 77 100.3 133.1 1
17 28.7 19.4 30.5 18.8 29.7 15.3 26.6 8.4 21.1 3.6 15.8 -0.8 10.3 -3 8.2 -1.5 10.4 3 15.7 7.6 20.9 12.6 25 96.8 114.6 75.4 89.4 80.5 85.3 72.1 102.1 1
15.9 27.3 18.7 29.9 17.9 28.8 13.6 24.6 7 18.2 2.3 11.4 -3 4.8 -6 2.2 -4.8 4 0 10.2 5.1 16.7 10.6 22.5 84.1 97.8 74.4 89.4 72.1 82.3 82.3 108.2 1
21.4 32.3 22.4 33.7 22.2 33.6 19.9 31.3 14.2 27.6 9.8 22.4 5.7 18.2 4.3 16.1 5.9 18.5 10 21.7 14.5 25.8 18 29.2 88.6 126 96.3 124.2 75.2 87.6 74.2 133.1 1
18.3 30.3 20.5 31.7 19.9 31.6 16.4 28.2 9.6 22.8 4.7 16.9 0.6 11.4 -1.6 9 0.3 11.9 4.9 17.1 9.4 22.5 14.1 26.3 88.1 123.2 82.6 123.4 123.7 149.1 125.2 168.1 1
19.5 32.6 21.4 33.6 20.9 33.3 17.6 31.1 10.2 26.2 5.7 20.7 2.3 15.3 0.4 13.1 2.1 15.6 6.7 20.7 11.1 25.2 15.6 28.9 80.8 114.6 82.8 122.2 119.4 150.1 128.3 147.8 1
20.6 31.8 22.2 33 22.1 32.6 20.6 30.7 15.2 26.8 10.1 23.1 6.3 19.3 4.7 17.9 6.3 19.4 9.6 22.8 12.7 26.2 16.7 29.3 142.2 201.4 55.6 179.1 69.1 99.8 70.4 93.5 1
16.6 29.2 18.9 30.6 18.5 30.4 15 27.3 7.8 21.4 3.1 15.5 -1.1 10.1 -3.3 7.7 -1.6 10.5 2.6 16.3 7 21.3 11.7 25.3 79.5 118.6 72.1 95.3 103.1 115.3 94.5 129.3 1
22 31.7 23.1 32.7 22.8 32.7 20.3 30.4 14.4 26.8 10 21.6 6.4 17.4 5.1 15.4 6.7 17.4 10.4 21.5 14.8 25.5 18.7 28.9 126 135.4 100.3 144.5 91.2 128.3 83.6 144 1
16.4 28.2 18.7 29.9 18 29.4 14.4 25.7 7.8 19.6 2.8 12.7 -2.4 6.8 -5.3 3.9 -3.7 6.4 1.8 12.9 6.8 18.6 11.9 23.5 95.8 122.2 68.6 87.4 83.1 102.4 93.2 121.4 1
19.9 31.7 22.2 33.8 21.4 33.4 17.6 29.5 10.8 23.9 5.3 16.7 1.1 11.4 -0.7 9.7 1.6 13.1 5.9 17.9 10 22.7 15.1 27.2 74.4 100.3 94.2 145.5 84.6 119.6 124 138.9 1
17.2 28.6 19.6 30.6 18.8 29.8 14.8 26.8 7.7 20.7 2.9 13.8 -1.9 7.3 -4.9 4.6 -3.1 7.1 2.3 13.5 7.4 19.6 12.6 24.4 87.9 114.6 68.8 94 72.6 92.5 107.4 118.4 1
19.3 32.3 21.4 33.3 21 32.8 17.9 30.2 10.9 25.5 6.2 20.4 2.8 15.7 1.2 13.7 2.7 16 6.8 20.8 10.5 25.4 15.2 29.2 90.9 109.2 55.4 70.6 109.5 120.4 87.9 121.7 1
20.5 31.8 22.7 33.5 21.7 32.7 18.1 28.8 11.1 23.5 5.9 16.8 1.6 11.4 -0.6 9.2 1.6 11.9 6.1 17.3 11.3 22.9 16.2 27.2 87.1 96.3 76.5 129.5 94.7 145.8 126.5 138.7 1
21.5 32.2 22.9 32.9 22.7 32.5 20.4 30.5 14.1 26.4 9.5 21.3 6.2 17.2 4.4 15.4 5.9 17.6 10.1 21.6 13.9 25.8 18 29.2 128 176.8 74.7 150.1 120.9 138.7 113.8 162.8 1
19.9 31.9 21.9 32.8 21.6 32.4 18.9 30.6 11.8 25.7 7 20.4 3.7 15.7 2.1 13.5 3.8 16 7.6 20.3 11.6 24.7 16 28.3 93.7 131.8 62.2 103.9 118.9 139.2 99.6 159 1
18.2 30.3 20.5 31.9 19.8 31.3 16.2 28.1 9.1 22.5 4.2 15.8 -0.6 10.1 -3.1 7.7 -1.2 10.4 3.9 16.2 8.6 21.6 13.7 26 87.9 100.8 66.5 104.6 90.9 117.1 111 124 1
21.6 31.8 22.8 32.6 22.7 32.3 20.8 30.3 14.8 26.3 10.6 21.7 7.1 17.9 5.4 16 6.9 17.8 10.9 22 14.7 25.8 18.4 29.1 148.3 156.7 77.5 140 128.3 152.7 114.3 124.5 1
16.6 25 20.1 28.2 19.6 27.7 15.6 23.9 9.6 18.2 4.7 12.1 -0.8 5.9 -3.9 3.1 -3.2 4.2 1.1 8.9 6 14.6 11.3 19.8 86.6 96.5 73.2 92.7 76.7 86.9 91.2 99.1 1
17.1 27.9 20.3 30.6 19.7 29.7 15.5 25.3 9 19.3 4 13 -1.6 6.1 -4.8 3.2 -3.7 4.7 0.8 10.4 5.9 16.6 11.8 22.4 81.8 114.3 77.5 99.3 77.2 87.6 97.5 104.9 1
18.4 28.3 21.1 30.2 20.8 29.5 17.9 26.4 11.6 20.8 6.6 16.2 1.9 11.2 -0.6 8.5 0.2 9.8 4.1 14.4 8.4 19.4 13.8 24.1 97 128.5 72.4 99.1 82 96 77.7 96.8 1
18.9 30.7 21.4 34.1 20.9 33.6 16.8 28.8 10.2 23.1 3.7 15.8 -1.9 9.9 -3.8 8.2 -1.3 11.2 3.6 16.7 9.3 22.2 14.3 26.2 66 109.5 50.3 97.5 28.7 39.6 68.8 132.6 1
22.1 32.5 22.8 33.1 23 33.1 22.4 32.1 18.8 29.2 14.2 25.8 10.7 22.7 9.2 21.6 9.8 22.6 12.9 25.6 15.2 28.3 18.8 31 172.2 185.9 58.4 152.7 54.6 76.7 45.7 90.2 1
16.6 27.6 19.6 30.1 19.1 29.2 14.8 25.3 8 19.1 3.1 12.8 -2.2 6.3 -5.1 3.3 -4 5 0.7 10.9 5.6 17 11.5 22.8 95 108.7 66.5 86.9 70.9 85.9 87.9 95.3 1
17.6 29.4 20.1 31.1 19.7 30.4 16.2 27.3 9.1 22 4.3 17 0.2 11.5 -1.8 9.4 -0.4 11.4 3.7 16.7 7.9 22.1 12.9 25.9 93.5 102.1 72.6 81 82.3 93.7 65.8 99.6 1
17.1 29.5 19.7 31.3 19.1 30.6 15 27.2 8.1 21.5 3.3 16.3 -1.2 10.1 -3.5 7.6 -2.2 9.6 2.4 15.3 7 21.1 12.3 25.4 91.9 127.8 80.5 89.7 80.3 82.8 75.2 97.5 1
15.7 28.3 18.2 30.2 17.7 29.6 13.8 25.8 7.1 20.1 2.8 14.4 -1.7 8.7 -3.9 6.6 -2.7 8.5 2.1 14.3 6.6 19.6 11.4 24.3 81 105.4 81 97.8 66.5 75.4 82.6 101.1 1
22.6 33.2 23.9 35 23.6 35.2 20.7 31.8 14.9 27.6 9.3 22.2 4.9 17.5 3.3 16 5.2 18.7 9.8 23.1 14.7 26.8 18.7 29.6 54.9 96.8 66.5 86.6 38.4 46 38.6 107.2 1
20.7 31.6 22.4 32.8 22.3 32.1 19.9 29.6 13.8 25.3 8.9 21.1 5 16.8 3.4 15.4 5.1 16.9 9.1 21.2 12.5 25.3 17.2 28.9 143.8 189.5 55.6 113.5 75.2 91.2 77 103.9 1
20.6 32.1 22.4 33.9 21.8 33.9 18.9 30.7 12.4 25.9 7.4 20 2.9 14.7 1.6 13 3.3 15.9 7.7 20.7 12.3 25.1 16.7 28.4 61.7 109 79.2 113 98.6 104.1 91.2 131.6 1
16.6 29.1 19.2 32 18.3 31.4 14.3 26.8 7.7 21 1.9 13.7 -3.7 7.4 -6.4 5.4 -3.9 7.9 1.3 14.1 6.7 19.9 11.8 24.4 74.2 129.3 90.9 117.3 45.5 80.3 98.8 111.3 1
18.7 29.6 21.3 31.8 19.9 30.7 15.8 26.6 9.1 20.3 3.2 12.6 -3.3 5.4 -6.2 3.2 -3.8 5.9 1.9 12.6 8 19.4 13.3 24.5 72.4 97.8 68.1 83.3 46 77 88.9 100.8 1
20.3 32.7 21.7 32.9 21.9 32.8 20 31.4 13.3 27.5 7.9 22.8 4.6 18.8 3.4 17.2 4.5 19.1 8.2 23.1 11.2 26.9 16 30.2 176 224 74.2 141.7 121.2 141.2 95 157.7 1
22.7 31.9 23.6 32.3 23.6 32.3 22.7 31.7 18.4 29.1 14 25.4 11.3 22.3 10 21 10.9 21.9 13.6 24.8 16 27.6 19.7 30.7 139.2 193.3 45 151.9 50.5 78.2 29.2 78.7 1
19.8 30.9 22.7 34.3 21.4 33.6 17.2 28.7 10.4 23.2 4.2 15.7 -1.7 9.3 -3.9 7.4 -1.4 10.6 3.9 10.6 9.9 22.8 14.9 26.5 78.5 112.8 79.5 119.4 39.1 54.9 87.9 142.2 1
21.6 33.3 23.6 36 23.3 36.2 19.8 32 13.8 26.8 8.1 20.4 2.9 15.2 1.2 13.4 3.3 16 8.2 20.9 13.4 25.6 17.9 29.1 42.7 83.3 61.7 89.4 41.9 53.1 59.2 116.3 1
19.2 29.3 21.9 31.4 21.1 30.5 16.9 26.7 10.2 20.6 5.1 14.6 -0.2 8.3 -2.9 5.7 -1.6 7.7 3.2 13.6 8 19.3 13.7 24.6 85.9 99.3 76.7 84.1 68.8 79.2 68.8 93 1
20 33.1 22.6 36.2 21.9 35.5 17.7 30.4 11.2 24.9 4.8 17.9 -0.7 12.7 -2.4 11.1 0.1 14 4.8 19.1 10.2 24.3 15.1 28.5 43.7 89.4 39.1 97 26.4 37.1 56.1 103.4 1
18.1 30.4 21.1 33.8 19.9 32.6 15.1 27.4 8.1 21.4 1.1 12.9 -5 6.1 -7.1 4.3 -4.6 7.7 0.9 14 6.9 20.2 12.4 24.9 76.7 109.5 40.4 88.6 20.1 30.5 60.5 96.8 1
16.1 24.9 16.1 24.5 16.1 24.6 15.8 24.5 14.6 23.8 12.1 22.6 9.8 21 9.4 20.4 10.3 22.2 12.4 25.1 14.8 27.1 15.9 26.6 222.5 234.6 24.6 201.2 1 3.6 3.4 103 1
20 26.9 21.1 27.8 21.1 28 20.2 27.7 17.4 26.1 13.8 24.5 10.6 23 10.5 22.6 12.5 22.8 15.3 23.3 16.8 24 18.3 25.2 102 134 59 120 28 62 73 108 1
17.9 28.2 18.6 28.5 18.6 28.1 17.7 27.3 15.1 25.8 12 24.4 8.9 22.4 9.1 22.6 10.7 23.9 13.3 25.6 14.9 25.7 16.3 26.5 117.4 141.6 17.9 103.2 8.3 23.6 55.9 131.7 1
14.2 23.7 14.9 24.9 14.5 24.5 13.4 24.1 11 22.6 7.9 21.4 4.7 19.3 4.6 19.8 6.6 21.3 9.5 23.2 11.3 22.8 12.9 22.5 206.9 253.2 33.8 151.6 19.4 35.1 69.4 197.8 1
17.3 26.8 17.1 26.4 16.9 26.3 16.6 26.6 15 26.2 12.8 24.7 10.2 22.9 10 22.7 12.1 25.4 15.3 29.1 17.3 30.5 17.9 29.6 185.9 218.9 2.5 110.9 0 0.3 1 79.6 1
16.4 26 16.9 26 16.7 25.5 15.9 25.2 14.3 24.1 12.3 22.6 10.3 20.4 9.8 20.2 10.7 22.2 12.7 24.8 14.2 26.1 15.6 26.3 204.1 209.9 31.3 142.5 16.7 20.6 26.1 103 1
17.5 27.2 17.4 27.1 17.3 26.8 16.5 27.2 14.8 26.7 11.4 24.8 8.7 22.6 8.4 22.8 10.9 25.4 14.7 29 17.5 30.8 17.8 29.2 167.7 182.6 4.8 72.3 0.3 1.2 2.3 92.1 1
15.1 26.3 15.3 26.3 15.1 25.8 13.8 25.8 11.3 24.7 7.6 22.9 4.9 20.6 4.5 20.5 6.5 23.3 10 26.8 13.1 28.3 14.5 27.4 124.8 159.4 7.7 55.9 1 1.9 9.3 96.2 1
15.8 26.3 15.8 26.2 15.7 26 14.5 26.2 12.5 25.6 9.3 23.8 6.8 21.8 6.5 21.6 8.5 24.1 11.7 28.4 14.5 28.8 15.5 27.6 176.3 190.8 7.4 99.1 1.8 2.9 6.5 93.2 1
18 29.7 18.1 29.2 17.7 28.9 16.8 28.8 13.4 27.9 8.7 26.2 4.9 24 4.6 24.1 7.2 26.9 12.1 30.9 16 32.1 17.5 31.7 126.5 145.1 2.6 57.1 0 0.6 1.6 55.8 1
17.8 28.7 17.7 28.6 17.4 28.3 16.2 28.6 14.6 28 11.4 26.1 8.8 23.9 8.5 23.9 10.4 26.7 13.8 30.3 16.8 32 17.6 30.3 146.8 183.2 5.7 77.8 0.5 1.6 3.4 90.2 1
16.9 26 16.9 25.8 16.8 25.6 15.9 25.8 14 25.6 11.2 24.1 8.7 22.2 8.2 22.2 9.9 24.6 13 27.8 16 29.5 16.9 28 173.1 191.6 6.7 111.9 1.1 2 4.5 73.4 1
18.5 28.8 18.5 28.3 18.4 27.9 17.1 28 14.3 27.6 9.8 26.1 6.6 24 6.1 23.8 8.1 26.2 12.5 29.3 16.7 31.5 18.4 30.7 183.4 219 5.2 86.7 0.5 1.2 1.4 64.2 1
16.9 27.1 17.5 27.6 16.3 26.8 15.6 26.3 13.9 25.2 10.6 23.7 8 21.4 7.6 21.2 9.3 23.2 12.2 26.1 14.6 27 16.1 27.5 153.5 167 12.4 88.4 5.8 8.9 20.2 86.4 1
15.1 25.8 15.3 25.9 15.1 25.3 13.9 25.5 11.4 24.3 7.8 22.4 5.1 20.2 4.8 20 6.3 22.6 9.5 26.2 12.4 27.3 14.1 26.9 147.9 168.2 12.2 78.8 4.5 6.6 9.2 105.8 1
13.1 28.4 15.4 30.7 15.1 30.8 12.3 27.2 8.2 22.4 5.6 17.6 3.5 13.8 2.6 12.8 3.6 14.6 5.6 17.4 7.8 20.7 10.6 24.7 39.1 48.7 49.3 65.4 77.9 82.1 47.5 70.4 1
19.8 28.6 20.9 29.1 20.9 28.9 19.5 28.1 16.9 26.3 13.8 23.5 10.9 21.2 9.5 20.6 10 21.7 12.5 23.8 15.6 25.6 18 27.3 126.2 171.7 90.4 138.5 42.7 71.2 34.9 96.5 1
20.3 29.1 21.2 29.8 21.1 29.6 19.8 29 17.4 27.1 14.2 24.5 11.3 22.5 10 21.8 10.6 23.1 13.4 25.2 16.3 26.6 18.8 28.1 123.8 180.7 61.1 103.2 32.9 44.5 37.5 91.8 1
19.5 26.3 20.7 27.5 20.7 27.5 19.6 26.6 17.2 24.6 15 22.1 12.3 19.8 11.7 19.4 12.5 20.4 14.3 22.1 16 23.3 17.8 24.7 143.9 193 180.7 213.7 91.6 157.7 66.8 119.7 1
18.1 26.2 19.4 26.8 19.4 26.7 18.2 25.9 15.2 24 11.8 21.3 9 19.3 7.5 18.6 8.2 19.7 10.8 21.7 13.7 23.5 16 24.8 148.5 211 171.5 247.7 77.3 116.3 62 132.4 1
17.3 31.2 18.6 32 18.3 30.6 16.2 30.3 12.2 27.1 9.2 22.9 5.1 20 4.3 19.6 4.7 21.7 8.6 25 12.3 27.6 15.3 29.6 77.2 93.1 35.2 65.7 30.1 41.9 38.3 73.5 1
15.5 30.9 17.6 32.4 17.9 31.9 14.8 28.7 9.4 24.4 7.2 19.2 3.9 16.1 3 15.2 3.7 16.8 7.1 20.8 9.3 23.6 12.7 26.8 50.3 61.4 44.9 48.6 44.9 48.8 43.6 51.3 1
18.4 25.8 19.5 26.3 19.7 26.4 17.7 25.2 15.4 23.7 12.2 20.8 9.8 19 8.9 18.2 9.4 19.2 11.8 21.5 14.2 22.7 16.1 23.3 79.6 118.5 110.9 201.4 58.5 132.3 62 89.3 1
21.8 30.9 22.4 31.1 22.3 30.8 21.5 30.1 19.6 28.3 16.9 25.5 14.1 23.1 13.2 22.6 14.2 23.9 16.3 26.3 18.6 28.3 20.4 29.7 135.5 154.5 51 96.8 30.9 39.8 24.4 78.1 1
21.4 25.4 13.6 25.9 13.7 25.4 12 23.8 8.6 20.9 5.1 16.7 2.1 13.6 0.5 12.7 1.5 14 4.1 17.3 7.6 20.4 9.8 23.1 86 122.7 51.8 74.1 45.2 60.2 63 92.3 1
19.2 28.1 20.3 28.5 20.5 28.3 19.2 27.6 16.5 25.9 13.4 23.3 10.6 21.2 9.2 20.6 9.8 21.4 12.1 23.3 15 25.2 17.4 26.7 131.8 187.8 131.3 202.6 55.1 94.3 58.6 104.3 1
18.2 32.2 20 33.7 19.3 32 17 31.1 12.6 27.5 9.5 22.9 5.8 19.4 4.7 18.8 5.3 21.1 9 24.8 13.1 28.1 16.2 30.5 69 78.5 38.7 59.5 33.1 41.9 39 59.8 1
15.1 26.9 16.6 27.3 17.1 27.1 15.5 26.1 11.8 23.7 8.2 20.2 6.4 17.7 4.5 17.4 5.3 18.8 7.6 20.9 10.6 23.5 12.7 24.8 102.2 148.1 119.1 149.8 75.9 127.6 68.6 92.4 1
18.3 29.6 19.6 30 19.5 29.2 18.1 28.3 14.8 26.2 11.6 23 8.1 20.8 6.3 20.3 7.2 21.9 10.1 24.6 13.7 26.5 16.2 28 121.3 141.7 87 127.7 34 62.5 34.9 105.9 1
18.4 31.2 19.5 31.3 19.5 30.2 18.1 29.4 14.5 27.3 10.8 24.5 7.8 22.1 6.3 21.9 7.1 23.4 10.1 26 13.8 28.3 16.4 30.3 135.5 169.2 73.4 146.2 39.5 61.2 47.2 89.1 1
20.6 29.6 21.8 30.5 21.7 30.2 19.8 29.2 17.4 27.3 15.1 24.7 11.1 22.9 10.4 22 11.2 23 13.9 25.1 16.5 26.3 19.4 28.2 180.7 283 130.1 265.9 52.1 97.8 61.3 130.9 1
13.4 28.4 14.6 29.9 14.2 29.4 12 28.4 6.5 24.1 4.6 20.2 0.9 17 0.3 16.1 0.3 18.3 4.5 21.5 7.9 23.7 11 25.5 83.6 98.7 43.3 65.1 44.4 50.7 48.5 73.9 1
18.8 31.9 19.9 32.1 19.7 31 18.3 29.9 14.5 27.3 10.9 24 8.1 21.4 6.9 21.2 7.6 22.9 10.7 25.9 14.2 28.5 16.9 30.8 106.1 119.8 50.5 100.6 33 51.1 41.5 77.7 1
16.4 28.6 17.5 29.2 17.8 28.8 16.5 27.8 13.1 25.5 9.8 22.5 7 20 5.7 19.7 6.2 21.3 8.8 24 11.7 25.6 14.2 27.2 110.3 152.5 95.2 152.3 62.6 96.9 56 93.1 1
16.5 29.6 17.4 29.6 17.5 28.8 15.8 27.5 12.1 25.1 8.6 21.6 5.4 18.9 4 18.5 4.8 20.1 7.9 23.3 11.7 26 14.4 28.1 96 114.3 41.3 77.9 28.6 42.6 37.7 78.4 1
17.3 25.6 18.6 26.3 18.9 26.3 17.3 25.2 14 22.8 10.8 19.9 8.4 17.5 6.9 16.9 7.9 18.1 10.1 20.3 13 22.4 15.1 23.9 74.6 115.3 103.2 130.1 74.3 126.6 61.3 88.8 1
17.8 29.7 18.8 29.8 18.8 29.1 17.4 27.9 14.2 25.7 10.9 22.6 8.2 20.2 6.5 19.9 7.2 21.5 9.9 24.3 13.2 26.6 15.8 28.2 121.2 183.9 115.3 189.7 55.3 96.2 51.1 95.1 1
16.2 27.5 17.7 28.2 17.7 27.9 15.9 26.3 12.6 23.9 9.2 20.5 6.3 17.8 4.7 17.3 5.9 18.9 8.3 21.5 11.5 23.7 13.8 25.3 65.7 97.6 68.8 101.1 40.1 71.1 44.5 78.3 1
19 23.8 20.5 25.2 20.9 25.5 19.9 24.7 17.9 23.1 16.6 21.6 14.7 19.8 14 18.9 13.5 18.9 14.6 19.8 15.7 20.8 17.1 22 108 117.2 121.8 160.1 140.7 178.1 116.3 135.4 1
22.9 29.9 23.4 29.9 23.3 29.5 22.2 28.5 20.1 26.6 17.1 24.1 13.8 21.8 12.8 21.2 14 22.5 16.6 25.1 19.6 27.4 21.7 29.1 192.4 312.8 108.9 271.2 33.3 60.1 16.4 95.1 1
16 29.3 17.6 30 17.5 29.4 15.5 27.4 11.6 24.5 8.8 20.9 5.8 18 4.6 17.6 4.8 19.6 7.7 22.4 10.8 25.1 13.6 27.1 68.3 95.2 57.2 90.5 34.1 51.5 41.4 70.5 1
19.6 30.5 20.6 30.7 20.5 30.1 19.3 29.2 16.6 27.3 13.1 24.6 10.2 22.3 8.6 22 9.2 23.3 12 25.6 15.3 27.7 17.8 29.3 127 174.2 79.2 158.2 39.7 67.1 43.1 86.5 1
18.5 32.6 20 33.3 19.7 32.6 17 30.8 12.8 26.7 9 22 5.5 18.5 4.1 17.4 5.3 19.3 8.2 22.9 12.6 26.9 15.8 30.2 66.6 76.5 36.9 46.5 27.2 45.9 31.7 56.6 1
13.7 29.8 15.5 31 15.4 30.2 13 27.8 8.5 23.3 5 18.8 2.6 15.2 1.3 14.4 2.3 16 4.4 19.6 7.6 23.4 10.8 26.9 61.6 69.1 45.2 51.1 53.7 54.6 52.1 60.8 1
17.6 33 19.1 33.4 19 33.1 16.5 31 12.1 27 8.2 22.1 5 18.5 3.5 17.6 4.5 19.4 7.3 23 11.5 26.9 14.7 30.1 63 118 46.6 60.6 33.9 45.4 44.6 63 1
17.9 24.9 19.1 25.5 19.3 25.4 18.2 24.7 15.2 22.8 11.9 19.9 9.6 17.4 8.4 16.7 9.1 17.9 11.3 20.1 13.9 22.1 16 23.6 82.4 105.6 115.9 121.9 76.2 117.7 69.5 74.3 1
17.7 23.3 19.1 24.5 19.6 24.9 19.2 24.2 17.7 22.7 16.1 20.9 14.6 19.3 13.5 18.3 13.2 18.3 13.6 19 14.7 20.2 16.1 21.7 84 96.1 104.3 133.8 129.4 146.9 75.2 96.1 1
16.2 30.6 17.8 32.1 17.7 31.5 15 28.4 10.9 23.4 7.6 18.5 5.2 14.9 4 13.9 5 15.8 7.4 19.3 10.4 23.5 13.3 27.5 46 59.6 43 48.9 49.3 50 41.8 53.3 1
16.2 27.5 17.4 28.3 17.5 27.9 15.8 26.2 12.8 23.9 10 20.4 7.4 17.8 6.2 17.3 7 19 9.2 21.5 11.9 23.8 13.9 25.2 68.4 123.4 74.4 110.2 45.9 77.2 50.2 84.8 1
17.1 24.7 18.3 25.7 18.4 25.8 17 25.1 14.1 23.1 10.9 20.6 8.5 18.4 7.2 17.9 7.7 18.8 9.9 20.4 12.8 21.8 15.1 23.2 126.5 176.2 146.9 175.6 83.1 132.6 83.2 102.8 1
15.9 28.7 17.4 29.6 17.4 28.6 15.5 27 11.8 23.9 7.9 20.3 5.1 17.6 3.6 17.2 5 18.8 7.5 21.6 11 24.5 13.7 26.8 71.7 105.6 58.8 92.1 35.9 56.4 40.2 76.1 1
21.1 32 22 31.8 22 31.1 20.7 30.4 17.7 28.7 14.2 25.9 10.7 23.4 9.4 23 10.6 24.7 13.5 27.2 16.9 29.5 19.5 31.2 104.2 140.5 46.7 101.9 28.4 35.5 23.4 71.7 1
18.9 32.7 20.6 34 19.7 32 16.9 31.3 12 27.8 8.4 23.7 5 20.4 4.1 20.1 4.8 22.2 9.1 26.2 13.4 28.8 16.3 30.9 67.5 81.8 34.6 64.4 26.6 38.6 32.1 56.2 1
15.7 30.2 16.9 30.7 16.7 29.6 14.7 27.7 11.4 24.4 8.3 19.9 6 16.7 4.7 16.1 5.6 18 7.9 21.1 10.9 24.5 13.1 27.3 66.8 92.4 40.7 51.3 36.4 43.2 40.5 60 1
14 28.8 15.7 31.3 16.7 30.8 12.9 27 10.4 21.9 6.4 16.9 3.4 14.1 3 12.9 4.3 14.8 6 17.1 8.2 21.9 10.5 25.1 31.2 33.6 36 47.3 49.3 52.7 34.7 50.7 1
16.6 30.2 17.6 30.6 17.7 29.6 16 28.1 12.8 24.8 9.6 21 6.8 17.8 5.3 17.1 6.3 19.2 8.8 22.2 11.9 25.4 14.1 27.4 63 94.3 58.4 72.7 29.4 37.9 45.3 69.1 1
20.5 27 21.5 27.6 21.2 27.2 19.9 26.4 17.4 24.6 14.9 22.2 11.7 19.8 10.8 19.3 11.6 20.3 14 22.3 16.5 24.1 18.5 25.4 143.6 202.4 170.3 208 60.8 102.4 54 113.3 1
17.5 25.1 18.6 25.8 18.7 25.7 17.5 24.7 14.6 22.3 11.5 19.3 9.2 16.8 8 16.2 8.9 17.7 11 19.8 13.5 22 15.5 23.5 78.3 116.1 122.8 132.1 82.2 129.8 69.5 83.3 1
16 31 17.4 31.9 17.1 31.1 14.8 29 10.6 24.8 6.7 20 4.1 16.4 2.9 15.5 3.7 17.4 6.1 21.1 9.9 25 13.1 28.5 66.7 85.4 42.2 49 45.6 49.3 47.6 66.4 1
16.3 28.4 17.5 28.9 17.6 28.6 16 27.2 12.9 24.8 9.8 21.5 7.3 19 5.9 18.4 6.4 19.9 8.6 22.6 11.4 24.9 14.1 26.7 100.5 136.6 96.4 152.8 62.2 97.5 60.8 84.6 1
15.7 27.5 16.6 27.6 16.6 26.6 15.4 25.5 12.3 22.9 9.1 19.6 6.3 16.9 5.3 16.3 6 17.9 8.5 20.9 11.5 23.7 13.8 26 120.3 134.1 59.8 94.3 39.8 57.1 47.4 89.7 1
13.7 29.2 16.1 31.3 16.3 30.8 13.4 27.5 9.1 22.3 6 17.1 3.6 13.7 2.6 12.5 3.6 14.4 5.2 17.4 7.8 21.1 10.5 25.3 37.9 45.1 43.8 54.6 49.5 56.3 43.5 61.6 1
11.7 28.8 14.4 31.2 13.8 30.8 10.8 27.1 6.8 22.2 4.7 17.4 3.3 13.8 2.3 12.7 3.3 14.3 5.2 17.2 6.9 20.7 9.2 24.6 37.7 42.1 46.3 55.8 65.1 69.3 46 63.8 1
15.7 30.2 17.1 30.1 17.1 28.6 15.6 27.6 10.8 24.6 7 21.1 4.4 18.1 2.6 17.8 3.5 19.3 6.4 22.5 10.6 25.2 13.5 28.4 78.7 92.5 38.4 67.7 36.1 43.6 42.8 70.3 1
22 29 23 29.4 22.9 28.9 21.9 28 19.2 26.3 15.6 23.8 11.9 21.8 10.6 21 11.9 22.2 14.7 24 18.3 26.1 20.6 27.9 145.2 235.7 90.8 188.7 31.9 71.2 33.8 74.3 1
11.9 29.2 14 31 14.9 31 11.8 27.6 7.5 22.5 4.5 17.4 2 13.8 1.2 12.6 2.6 14.4 4.2 17.4 6.9 21.8 9.3 25.5 45.2 54.3 48.3 61.3 42.5 63.4 47.6 66.3 1
17.5 27.2 20.1 30.4 19.7 29.5 16.9 25.9 11.8 19.9 6.7 14.1 2.5 10.1 0 7.2 1 7.2 3.9 11 8.6 17.5 13.1 22.5 17 50 143 259 88 114 50 90 1
15.8 27.6 18.6 31.1 18.4 30.8 15.3 26.9 11.2 21 6.7 14.5 3.3 9.7 1.9 8.4 3.2 10.8 5.4 14.6 8.4 19 12.5 24 43 78 96 200 151 179 102 150 1
15.7 24.8 17.8 27.1 17.6 27.3 14.4 23.8 9.8 18.4 5.5 13.1 1.6 8.1 -1.1 5.5 0 6.5 2.4 9.6 7.1 14.8 11.8 20.1 32 46 31 50 38 45 34 44 1
16.2 24.6 18.6 27.7 18.5 27.6 15.3 23.6 11.1 18.6 7.1 13.4 4.1 10 2.7 8.7 3.2 9.5 5.5 12.4 8.8 16.1 12.9 20.9 82 110.8 165.3 183.4 114.3 154.2 102.4 110.7 1
14.7 27.3 17.2 31.1 17 30.6 14.2 26.6 10 21.1 5.5 14.9 2.4 10.4 1.4 10.1 2.8 12 4.9 15 7.7 18.8 11.3 23.4 39.6 76.1 77.5 111.2 69.2 91.3 72.6 80.1 1
15 26.1 17.3 28.9 16.7 27.7 13.5 24.3 8.4 18.8 3.6 10.2 -0.9 5.4 -1.9 4.6 0.1 8.2 3.3 13.2 7 17.5 11.2 21.9 65.4 93 68.5 101 60.4 64.3 81.6 96.5 1
15.9 24.8 17.8 27.5 17.3 27 14.2 23.6 9.4 18.1 4.2 11.5 0 6.7 -0.9 5.8 0.7 8.2 3.8 12 7.9 16.3 12.3 21.2 63.1 83.1 66 87.3 53.7 58.1 57.1 68.7 1
17.3 28.2 20.3 31.8 20.2 31.7 16.5 27.3 11.6 21.7 6.8 15.4 2.9 11.1 1.4 9.5 3.1 11.3 5.8 15.1 9.1 19.1 13.5 24.3 38 66 121 239 167 217 89 159 1
15.4 27.9 18.2 30.5 17.2 29.7 12.7 24.7 6.1 16.6 1.8 9.3 -3 3.2 -6.2 0.6 -4.9 2.5 -0.5 8.7 5.4 17.9 11 23.7 44 72 26 33 19 24 23 57 1
15.1 26.7 17.6 29.6 16.6 29.3 12 24.6 6.3 17.5 3.2 11.3 -0.7 5.8 -4.1 3.4 -2.5 5.2 0.7 10.4 7.1 18.5 11.8 23.6 53 78 41 67 41 81 59 78 1
14.4 26.2 16.7 28.9 16 28.5 11.9 24.3 6.3 17.6 2.8 12.3 -1.3 6.9 -4.9 3.9 -3.3 5.8 0.4 11 6.9 18.2 11 22.6 58 89 62 75 41 69 51 73 1
13 27.4 14.8 29.8 14.6 30 11.4 26.1 6.3 19.5 1.4 11.2 -2.2 5.3 -3.6 4 -1.3 8.4 1.9 13.6 5.4 18.6 10 23.9 27 46 36 56 36 51 40 60 1
15.9 23.3 18.8 26.2 19.2 26.7 16.2 23.6 12.7 20.2 9.2 16.7 6.2 13 3.9 10.5 3.7 10.7 4.4 11.8 7.8 15.3 12 19 32.9 44.6 55.9 84.4 60.2 79 46.7 64.7 1
16.9 23.1 19.8 25.8 20.2 26.4 17.2 23.6 13.6 20 9.9 16.4 6.6 12.9 4.6 10.7 4.3 10.7 5.2 11.8 8.6 15.4 12.8 19.1 36.9 51.7 79.1 110.3 66.9 84.3 52 58.7 1
15.6 22.8 17.8 24.9 18 25.1 15.2 22.2 12.1 18.6 8.7 15.1 5.6 11.4 3.3 9.1 3.3 9.4 4.3 10.6 7.9 14.7 11.9 18.7 70 85.2 98.6 145 97.9 147.7 52.1 94.7 1
18.31 26.57 18.74 26.39 18.64 27.14 17.8 26.68 14.71 24.35 10.76 21.13 8.07 17.68 6.23 16.01 7.75 18.53 11.25 21.5 13.81 23.77 15.95 25.42 132.75 217.32 16.03 80.94 3.01 12.04 36.3 89.23 1
19.82 28.55 20.47 27.57 20.33 27.97 19.5 27.45 15.86 25.77 10.11 22.86 6.41 19.61 5.49 17.39 7.83 18.78 10.9 22.4 13.76 25.33 17.2 27.31 141.58 168.69 12.57 100.87 4.86 14.21 21.7 59.51 1
22.3 29.8 25.3 33.8 25.1 33.6 20.6 28.6 14.9 23.1 9.1 17 3.6 11.1 1.7 8.9 3.4 9.9 7.8 14.9 13.7 21.1 18.6 26.3 105 203 63 86 46 92 139 208 1
20.2 27.8 22 29.6 21.6 29.7 18.4 25.1 14.5 20.6 9.2 15.6 4.2 10.8 2.4 9.5 4.2 11.1 8.1 16.2 12.7 21.6 17.2 26 103 231 17 132 5 10 21 87 1
21.5 28.1 24.5 32.2 24.5 32.8 20.4 26.5 16.2 21.3 11.5 15.7 7.2 10.9 5.6 9.5 6.9 11.6 10.9 16.8 15.1 22.2 19 25.9 138 171 53 149 20 26 37 159 1
22.6 29.9 25.3 34 25 33.3 22.9 30.3 19 26.2 14.6 21.8 9.7 17.5 7.7 15 7.9 14.8 10.3 18 14.8 23 19.2 26.6 92 211 39 147 29 74 131 197 1
24.5 31.3 25.3 32.7 25.2 32.6 23.8 31.4 20.5 28.6 15.7 24.4 11.1 20.5 9.8 18.3 11.3 18.4 14.9 21.6 19.1 25.5 22.7 29.4 221 258 42 172 24 65 85 284 1
23.2 30.4 24.9 32.9 24.4 33 21.9 30.6 17.3 25.6 11.9 20 6.9 14.7 5.2 11.9 6.5 12.5 10.5 16.8 15.6 22.4 20.2 27.4 168 320 72 93 47 86 129 334 1
18.7 26.3 20.7 28.5 20 28.4 17.4 25.3 13.3 20.5 8.7 15.6 4.4 11.4 2.5 9.2 3.5 10.6 7.8 16.5 12.5 21.4 16.4 24.4 133 213 53 96 17 22 32 167 1
25.1 32.6 25.2 33.1 24.9 32.1 24.2 30.6 22.4 28.3 19.5 25.1 16.1 22.1 14.6 20.8 15.7 22 18.6 25.7 21.9 29.5 24.2 32 210 225 97 251 22 34 51 183 1
21 28.4 24.9 33.1 24.5 32.6 20.3 27.4 14.5 22.4 8.7 16.9 2.9 10.8 1 8 2 9 6 13.7 11.8 20.2 16.8 25.1 129 185 58 171 48 88 115 159 1
21.2 29.1 24.7 32.1 24.3 32.3 19.1 27.1 13.1 22 6.8 15.6 0.9 9.4 -0.9 6.8 0.6 8.3 5.4 13.7 11.6 20.3 16.9 25.6 111 171 57 85 25 51 68 97 1
21.3 31.8 23.3 31.8 22.4 30.7 17.3 26.6 11.6 21 4.2 12.9 -2.3 5.7 -4.7 3.6 -2.6 6.2 3.5 13.3 10.6 21.2 16.8 27.5 74 212 18 65 7 10 15 38 1
22.7 29.3 26 33.8 25.8 33.6 21.7 28.9 16.1 23.6 10.1 17.5 4.3 11.7 2.4 8.9 3.8 9.8 8.1 14.8 14 21 19.2 26.1 103 282 55 75 41 102 151 253 1
20.4 29 24.6 32 24.2 32.2 19.1 27.2 12.6 22.1 6.1 15.9 -0.1 9.7 -1.6 7 0 8.4 4.4 13.5 10.3 20.1 15.7 25.3 124 188 56 95 25 48 69 96 1
24.6 32 25.3 33.1 24.9 32.7 23.5 31.7 19.9 28.4 15.1 23.8 11 19.8 9.7 17.2 11.2 17.7 14.9 21.6 19.2 26.3 22.8 30.6 201 214 45 125 23 46 50 188 1
20.7 27.5 24.6 32.3 24.5 31.9 20.7 27.5 14.8 22.8 9 17.5 3.1 11.6 1.2 8.8 2.2 9.5 5.7 13.6 11.1 19.7 16.4 24.1 140 193 64 190 46 79 104 137 1
17.6 23.3 21.9 26.7 23 28.3 18.6 24.9 13.2 19.7 6 12.4 -0.8 5.3 -3.7 2.6 -2.5 3.8 2 8.7 7.5 14.4 12.9 19.7 83 177 27 90 10 12 21 51 1
20.3 27.2 24.8 31.6 24.7 31.5 20.5 27.2 14.7 22.3 8.6 16.7 2.4 10.6 0.5 7.7 1.5 8.6 5.1 12.7 10.6 18.6 15.7 23.5 128 152 51 156 35 59 81 115 1
21.8 29.8 25.2 32.9 24.6 32.7 19.4 27.8 13.4 22.7 7.2 16.4 1.5 10.5 -0.5 8.1 1.4 9.6 6.1 14.6 12.2 21 17.7 26.2 132 212 58 89 28 57 92 151 1
18.8 31.6 21.6 32 20.8 31.1 15.5 24.7 9.8 19.3 2.8 12.1 -2.9 6.1 -4.2 4.8 -1.8 7.7 3.2 14 8.9 20.4 13.8 25.8 51 93 26 108 6 11 26 65 1
23.3 29.4 25.3 32.4 25.2 32.2 23.8 30.7 20.5 27.4 16.4 23.4 11.7 19.1 9.7 16.8 9.8 16.5 11.9 18.8 16.1 23 20.3 26.7 140 196 29 117 25 65 99 152 1
19.8 32 22.8 32.1 21.7 30.8 16 26.3 9.9 21.3 3.1 14 -2.8 7.6 -4.6 5.6 -2.5 7.8 2.6 14.2 9.1 21.3 14.6 27.4 61 147 26 90 9 14 25 52 1
26.1 30.4 26.7 31.3 26.4 31.1 25.6 30.2 23.4 27.7 19.4 24 15.7 20.3 14.1 18.6 14.4 18.6 16.9 21.5 20.6 25.1 23.9 28.4 374.4 444.6 35.1 287.5 24.9 52.3 71.4 329.5 1
24.7 31.8 24.9 31.5 24.8 31.8 24.4 31.7 22.1 31.1 16.7 29.3 11.5 26.5 10.1 25.5 13.4 28.4 18.7 32.4 22.3 33.7 23.5 32.8 294.4 407.8 44.7 234.9 10.2 24.6 61.5 335.3 1
18.9 25.5 19.1 25.3 19.1 25.5 19.2 25.7 18 24.7 15.1 23 12.2 21 11.4 20.4 12.8 21.7 15.6 25.2 17.5 26.8 18.1 26.3 320.4 406.1 43.2 305.2 13.4 23.4 73.4 289 1
28.4 26.6 25.9 39.7 34.1 32.6 25 20.3 13.6 33 33 29.3 9.4 8.9 11.5 24.7 23.4 26.8 16.7 22.4 26.7 33.4 39.1 41.7 91 291.1 8.8 184.3 6.8 17.5 6.2 9.7 1
24.8 23.2 22.9 35.5 29.7 29.3 22.1 18.1 12.2 29.8 29.4 26.5 8.5 8.7 11.4 23.7 23.5 26.9 15.7 20.9 24.7 32 36.9 39.5 212.4 428 8.9 225.4 6.3 22.8 13.4 24.7 1
27 25.8 33.9 26.1 38.4 32.7 24.4 12.9 32.3 19.4 33 28 8.9 10.6 21.4 8.3 23.1 24.1 15.3 25.1 36.8 21 30.6 39.8 110.5 309.1 3.7 188.3 9.4 26.4 9.3 20.4 1
26.4 26.3 33 26.3 35.5 32.7 25.9 17.2 32.1 23 32.8 29.3 12.5 14 23.9 11.5 25.2 27.1 19 25.1 37.5 23.4 33.1 37.6 187.9 266.5 5.1 209.9 3.3 17.9 10.1 66.3 1
25.5 22.5 30.7 23.3 37.2 28.9 21.7 14.3 32.1 18.6 30.6 29.1 11 12.6 25.3 10.5 26.1 28.4 17.2 25.8 38.4 21.9 33.6 40.7 120.2 366.1 11.2 183 9 12.5 4.5 13 1
25.4 23.3 34 24 38.6 32.8 21.8 10.5 31.8 17 33.1 27.3 6.7 8.3 20.4 6.1 22.1 23.1 13.4 23.2 34.5 18.9 28.5 38.3 112.6 282.8 6.7 179 18.9 46.6 11.3 29.3 1
24.1 25.1 31.3 24.9 31.1 31.7 24.3 15.5 30.5 21.2 31.3 28.1 11.2 11.7 23.6 9.7 25.2 25.8 15.8 22.2 31.5 20.1 29.9 31 605 822 9.5 513.2 4 13.1 41 373.4 1
23 22.4 30.5 22.9 34.7 29.5 20.8 10.4 28.6 15.7 29.7 25 6.8 8 19.4 6 21.1 21.6 12.1 20.8 32.1 16.8 26.5 35.5 224.6 723 8 293.5 23.5 59 23.4 49.6 1
21.6 20.1 27.3 20.5 31.3 26.4 18.5 10.6 24.9 15 26.4 21 7.4 7.7 15 5.9 17 16.8 11.4 19.8 26.2 16 21.1 30.3 232.3 879.6 19.5 374.1 52.9 113.9 56.8 232.6 1
24 24.8 31 24.6 30.9 31.6 23.8 14.7 29.6 20.6 30.7 27.1 9.9 12.3 22.7 9.2 24.1 23.9 15.7 21.8 27.9 18.7 26.6 29.5 421.7 521.6 24.8 331.9 17.7 79.6 108.5 315.4 1
27.6 25.7 33.4 26.1 38.1 32.4 25.3 14.7 31.9 21.5 32.6 28.7 10.3 12.5 23.7 10 24.8 26.9 17.6 26.7 38.8 23.3 33.4 40.8 138.7 326.5 9.8 204.4 3.7 19.9 7.6 21.4 1
26.3 25.7 32.9 26 36.5 32.4 24.9 14.4 32.4 20.9 32.6 28.9 10.2 11.5 22.7 9.2 24.4 26 16.4 24.9 37.5 21.8 32.4 38.6 168.6 342.3 4.7 228.1 5.8 15.7 9.4 38.2 1
24.9 25.6 31.9 25.6 31.7 32.2 24.7 16.7 30.3 21.9 31.7 27.6 11.8 12 23.6 10.3 24.7 26.2 15.9 22.7 31.2 20 30 31.2 264.3 345.4 18.7 185.9 7.1 18.3 55.8 244.2 1
29 25.3 34.7 26.5 40.7 32.5 24 11.8 33.6 18.4 33.2 29.5 7.5 10 22.8 7 24.6 26.4 15.5 26.9 38.7 21.6 32.5 42 71.5 267.3 5.3 148.2 6.9 13.6 5.1 11.8 1
21 21.3 29 21.6 29.1 29.1 20.2 10.6 28.1 16.7 29.1 25.2 5.2 7 21.6 4 22.3 23.4 11.2 18.4 28.6 15.4 26.9 29.1 195.2 393.7 48 131 12.1 40.6 80.9 157.1 1
26.4 23.6 30.8 24.1 37.5 29.5 23.1 12.8 31.6 18.9 30.9 28.7 9.4 12 25.5 9.8 26 28.2 16.3 26.1 38.4 21.5 33.6 41.3 167.7 424 14.5 201 9.5 23 7.5 15.6 1
26.8 24.7 35 25.2 39.6 33.3 23.3 13.1 31.4 18.7 33.3 26.5 9 10.1 18.5 7.7 21 21.4 14.3 24.7 32.8 19.8 26.4 38.1 79.8 351.2 10.1 141.6 31.2 63 25.4 62 1
18.1 18.9 25 18.8 24.9 25.4 18.1 13.1 23.4 16.6 25 20.6 9.4 9.3 16.6 8.1 17.7 17.9 12.7 16.9 24.1 15.6 22.1 24.4 333.8 371.8 35.2 250.1 7.8 35.4 47.6 159.2 1
26.9 25.6 33.9 26.1 38.5 33 24.3 12.4 32.6 19.2 33.1 29 8.2 10 22.4 7.4 24.2 26.1 14.7 24.7 38.1 20.6 32.2 40.2 105.6 269.7 7.3 197.3 15.2 18.9 6.2 20.1 1
25.8 26.2 32.2 26.1 33.8 32.1 25.8 17.4 31.3 23 32.2 28.7 12.8 13.6 24.2 11.3 25.4 27.4 17.9 24.4 36.2 22.2 32.8 35.6 218.9 309 11.6 273.9 4.1 15.7 15.1 109.7 1
23.2 23.9 30.3 23.6 30.7 31.5 23 16.6 29.5 20.7 30.5 27.2 13.4 14 22.8 12.4 24.1 23 16.8 21.4 27.7 18.9 26 29.4 745.1 1056.5 36.5 582 27.8 100.4 129.6 388.4 1
26.7 26.2 33 26.2 36.6 32.6 25.4 14.8 31.7 21.6 32.3 28.9 10.1 11.7 22.8 9.2 24.6 26.2 16.6 25.1 37.3 22.1 32.5 38.3 149.6 314.2 7.5 204.5 6.7 19.9 9.6 37 1
23.7 22.4 29.3 22.6 33.6 28.9 21.8 13.9 28.5 18.9 29.1 26 10.1 12.6 23 9.9 23.3 25.9 17 23.6 35.5 21.4 31.3 37.2 215.7 337.3 15.3 263.8 5.9 25.7 20 55.7 1
14.6 17.7 30.2 18.2 28.9 29.7 12.5 0.3 22.2 5.7 27.6 15.5 -1.9 -0.7 5.3 -2.2 8.6 7.9 3.5 10.9 19.5 7.5 13.8 24.3 36.5 64.1 20.1 35.6 40.4 73.4 67.3 100.3 1
27.7 25.9 33.8 26.3 38.7 32.9 25 14.1 32.7 20.7 32.8 29.4 9.6 11.4 23.1 8.8 24.6 26.7 16.3 26 38.9 21.9 33.1 40.8 102.1 305.8 9.4 236.6 5.7 17.4 5.5 12.2 1
18 30.3 28 20.2 20.2 30.1 17.5 22 26.7 8.3 13.1 17.4 4.3 11.1 13.5 2.6 2.4 11.2 5.1 19.1 13.2 14.2 9.5 24.1 42 71.4 157.4 215.4 119.8 153.8 54.3 117.1 1
19.9 26.9 24.3 30.9 25 32.1 21.3 28.3 15.4 23.4 10.2 17.8 5.6 12.6 3.5 9.9 4.1 11.1 6.7 14.4 11.2 19.5 15.6 23.7 172 277.9 73.7 178.4 59.8 71.5 112.5 142.5 1
19 27.2 23 30.8 24.3 32.8 20.7 28.6 14.1 22.8 8.1 17 3.1 11.6 0.8 9 1.1 10.1 4.2 13.9 9.6 19.9 14.5 24.1 126.3 203.6 79.7 234.4 45 65.6 121.8 156.5 1
24.8 29.4 26.8 31.8 26.6 31.5 25.5 30.4 23.1 27.9 19.9 24.6 16.3 21.2 14.6 19.5 14.8 19.8 16.5 21.7 19 24.1 21.8 26.7 141.4 247.2 110.2 260.5 102.8 119.7 161.4 231.6 1
20 27.8 24.3 31.6 25.4 33.4 21.7 29.3 15.5 23.3 9.9 17.6 5.1 12.3 2.8 9.5 2.9 10.2 5.6 13.7 10.7 19.9 15.6 24.5 90.9 184.5 69.3 160.7 43.8 61.7 103.8 145.5 1
15.5 22.3 19.5 25.7 21.4 27.9 17.6 24.4 11.2 19.4 5.2 13.7 0.9 8.4 -1.7 5.3 -1.5 5.9 0.9 9.2 6.1 15 11.1 19.4 145.6 179.4 65.1 187.5 36.6 38.4 68.2 109.9 1
19.1 25.5 23 29.4 24.5 31.1 21.1 27.2 15.4 21.8 9.9 16.9 5.1 12.4 2.5 9.9 2.9 10.4 5.6 13.3 10.7 18.8 15.4 22.8 153.5 168.2 92.5 209.9 51 56.1 117.5 137.8 1
20 27.2 19.7 26.7 19.4 26.5 17.8 26.6 15.4 28.4 11.6 23.8 7.8 21.7 8.8 23.3 10.7 25.7 14 28.1 16.6 28.7 19 27.1 193 300.9 23.1 158.2 8.4 15.8 56.9 193.6 1
25.7 30.3 26.3 31.5 26 31.2 24.9 30 22.3 27.4 17.8 23.4 13.8 19.6 12.2 17.7 13.1 17.7 16.2 20.7 20.2 24.5 23.6 28.1 289.8 351.6 42.6 194.1 32.4 58.8 82.5 361.9 1
19 28.3 20 27.7 19.7 28 18.2 27.2 13 25.8 7.4 22.7 3 19.4 2.1 18 3.8 20.2 7.5 24.3 11.3 27.4 15.5 28.2 256.4 359.6 7.5 183.1 14.2 16.7 31.2 114.2 1
23.7 38.7 24.3 35 23.5 33.4 20.6 33.5 13.9 30.9 7.5 25.4 3.4 19.7 2.6 17.7 5.1 19.1 9.9 23.9 15 30.1 19.7 35.3 62.2 309.9 17.8 98.2 37.3 73.5 39.2 89.9 1
22.1 37.6 22.8 34.8 22.4 33.8 19.4 33.3 13.6 29.8 7.8 23.9 4 17.7 3.2 15.9 5.2 17.6 9.6 22.3 14.1 28.1 18.3 33.1 103.3 327.6 35.4 108 76.9 134.7 79.1 156.5 1
17.7 21.9 23.2 24 27.3 29.2 19.2 13.7 7.6 26.1 22.1 16.1 1.8 -0.7 0.5 10.3 7.6 9.1 4.6 9.7 14 13 17.8 21.5 222.5 258.8 60.1 167 24.3 44.9 85.7 154.1 1
17.2 21.8 21.8 27.4 29.7 30.2 15.8 8.3 1.9 25.9 20.4 12.7 -3.9 -6.3 -4.5 6.1 3.3 5.7 0.2 6.3 11.7 11.5 19.1 23.8 174.3 296.5 51.7 141.5 29.5 36.4 60.5 97 1
16.7 21 21.2 24.7 27.9 28.2 16.3 10.8 4.9 24.5 20.1 13.6 -0.5 -3.3 -2.3 8 4.8 5.9 1.6 7.6 12.7 10.5 17.7 22.5 122 288.2 82.4 207 43.5 65.3 72.2 84.4 1
17.8 22.4 22.6 27.2 29.7 30.5 17.2 10.3 4.2 26.6 21.5 14.3 -1.2 -3.3 -2.3 8 5.1 7 1.6 7.3 12.4 12.4 19.3 23.9 190.3 281.9 55.3 137.7 32.4 43.9 64.5 97.3 1
5 3 3.1 10.9 8.3 8.9 5.6 9.8 13.9 12.2 17.3 21.3 18.2 23 23.8 24.7 28.8 29.5 19.7 14.5 9.4 25.6 21.1 15.8 44.8 66.9 83.5 92.1 189.8 258 71.2 188.2 1
17.8 21.8 22.1 26.9 28.8 29.5 16.7 9.8 2.9 25.6 19.7 11.5 -3.4 -6.1 -4.1 4.2 1.6 4.1 1.1 7.3 12.6 10.2 17.6 22.8 133.3 348 49.3 137.6 21.6 24.9 45.8 102.2 1
25.8 32.9 32.6 25.7 26.1 31.9 24.7 28.6 30.9 18.5 21.9 25.2 15.3 19.3 21.8 15 13.7 19.9 18.1 27 22.8 24.3 21.4 31.5 239.9 318 43.4 265.4 18.6 26.2 43.8 188.5 1
18.4 28.1 20.4 30.4 19.4 28.7 17 26.4 13.7 22.7 10.3 19 7.6 15.6 7.4 14.9 8.9 17.3 9.9 18.9 13 22.5 15.9 25.3 103.2 122.6 92.1 153.9 50 63.2 77.7 139.3 1
16.9 28.6 17.4 29.3 16.7 28.5 15 26.6 11.7 24.2 8.1 20.9 4.6 17.9 4 17.5 6 20.2 7.8 21.8 11.8 25.8 14.6 27.1 111.8 167.7 19 108.9 3.5 24.8 32.3 107.7 1
19.2 31.4 20.4 31.8 20.1 31 18.7 30.6 16.8 27 13.1 23.7 10.7 20.7 10.7 22 12.1 24 13.1 25.3 15.9 28.4 18 30.2 134.6 174.6 114.8 199.9 124.4 154.4 137.2 209.5 1
20.3 21.4 21.8 26.6 28 28.4 20.7 18.3 15.6 27.5 25.4 23 13.4 13.3 14 20.9 20.4 20.7 15.1 16.9 18.6 21.2 22.9 24.8 146.2 197.7 96.6 186.3 75.2 94.6 126 129.1 1
18.9 20.5 20.8 29 30.2 30.1 19.3 16.3 13 28.3 25.2 22.1 10.7 10.7 11.5 19.4 19.7 20.4 13.1 15 17 21.8 24.4 26.7 100.1 108.6 86.1 104.4 121.7 140 104.2 139.5 1
17.7 18.8 27.3 18.7 26.3 28 18.2 13.8 25.1 16.3 27.2 23 12.4 12.8 21.8 11.7 21.8 23.3 13.9 16.6 24.8 15.3 23.9 25.9 200.9 238.7 73.6 159.8 38.9 55.7 80.5 145.8 1
20.8 32 31.4 21.5 21.7 31.6 20.4 27.8 30.9 14 17.3 24.5 11.9 22.9 22.3 12.9 11.5 24.6 14.6 28.5 26.1 18.8 17.3 30.2 165.4 193.1 138.9 158.6 97.8 152.1 149.2 193.7 1
19.3 32.5 31.8 20.2 20.6 31.6 18.6 27 30.5 12 15.2 24 10.2 22.1 21.7 11.1 10.1 23.8 12.7 27.7 25.1 17.1 15.4 29.7 157.1 180.3 135.5 173.4 105.8 151 152 214 1
16.3 28.4 26.5 17.9 18 27.5 16.2 22 25.5 10.2 12.9 18.6 7.7 15 15.1 7.8 7.2 16.2 9.1 20.5 18 14.2 11.5 23.7 84.4 101.5 85.5 104.6 83.1 88.2 89.3 108.5 1
