19.7 36.2 21.7 35.6 20.4 34.1 17.1 31.1 11 26.1 4.3 19.6 0.6 15.7 0.6 14.9 2.4 18.4 6 22.4 9.5 26.1 14.4 30.6 13.2 47.2 8.4 63.6 12.5 16.9 4.3 9.6 0
23.5 39.5 25.6 39 25.4 37.8 24.1 37.2 19.3 33.6 13 28 9.7 23.8 9.4 23.7 10.6 25.7 12.4 28 15 31.8 18.5 35.3 7.2 97.9 16.1 54.5 18.4 28.6 3.9 7.5 0
21.2 40.1 25.6 42.2 25.6 41.4 22.4 38.2 16.3 32 9.6 24.9 5.8 20.3 6 20.3 8 23.1 10.3 25.8 13.1 29.7 16.8 34.7 0.4 12.4 3.8 9.9 8.2 13.2 0.9 8.3 0
16.1 29.8 16.4 29.2 15.9 28.7 14 26.5 11.1 24.7 7.9 22.5 5.6 20.1 4.5 19.7 5.6 21.2 9 24.7 11.7 27.1 15 29.6 39 65.9 11.8 60.2 10.2 18 7.1 34.6 0
20.8 35.4 20.5 34.2 20.3 33.7 18.6 31.8 15.2 29.5 10.3 26.1 7.4 22.7 6.8 22.3 8.6 25.3 12 25.8 15.6 32.5 19 35.3 33.5 36.9 6.7 44.3 3.5 11.3 1.7 21.1 0
14.6 32.2 18 33.6 17 31.7 12.9 27.7 6.1 21.7 -0.4 14.1 -4.9 8.6 -5.7 8.2 -3.1 11.9 0.1 16.3 4.2 21.6 9.2 26.5 15 41.7 10.9 25.4 11.2 12.7 12.7 13.7 0
17.9 35.8 20.2 35.6 19.2 34.2 16.4 30.6 9.8 25.8 3.6 19.1 -0.7 14.2 -1.4 13.4 1.1 16.8 4.6 21.1 8.9 25.9 13.6 30.6 17 40.1 11.2 43.2 10.4 14.5 5.1 7.4 0
20.8 37.9 24.6 41.1 23.4 39.6 19 34.8 12.4 27.8 5.9 19.7 1.1 14.2 0.9 14.1 3.8 17.4 6.6 20.4 10.4 25.3 15.7 31 3 12.4 5.3 10.9 9.7 12.2 5.3 10.7 0
22.7 39.7 27.2 41.1 26.2 39.8 22.7 36.8 16 31.2 9.4 23.8 5.4 19 5.1 18.8 7.1 21.5 9.3 24.2 12.9 29.2 17.7 34.2 3.3 24.4 16.5 21.8 17 25.4 3 22.4 0
19.9 37.6 23.1 37.4 22.3 36 19.7 34.1 13.7 29.1 7.6 22.6 4.3 17.9 3.7 17.7 5 19.9 7 22.7 10.2 27.3 14.4 32.2 5.1 60.2 17 42.4 17.8 27.2 4.6 18.3 0
22.2 39.6 27.1 41.4 26.7 40.7 22.9 38.1 16.8 32.4 10.5 25.2 6.8 20.3 6.8 20.4 8.3 23.6 10.4 26.1 13.6 30.2 17.7 34.6 0.5 16.3 6.1 7.9 5.6 11.4 1 5.3 0
23.5 36.5 26.9 40.1 26.5 39.2 21.9 34.2 15.6 27.5 9.2 20.9 4.8 17 3.5 15.9 6 18.8 9.8 22.4 13.7 26.2 18.3 30.6 0.7 5 7.4 13.6 8.2 9 5.3 8.8 0
24.3 37 27.4 40.2 27.3 39.6 23.2 34.3 17.9 28.3 12.1 21.6 8.1 17.5 6.9 16.7 8.6 19.1 11.4 22.6 14.6 26.1 19.4 31.3 1.7 5.7 10.4 20.1 9.1 17.4 11.1 13.6 0
24.7 38 24.4 37.6 23.9 37.2 22 35.6 17.2 31.1 10.6 25.2 5.9 20.8 4.6 19.3 7 21.9 11.8 26.1 17.4 31.9 22.1 35.8 0.2 2.7 0.2 1.8 0.2 1.2 1 3.6 0
23.6 37.2 26.5 40.4 26.4 39.8 22.1 34.5 16.6 28.2 10.5 21.3 6.7 17.3 5.5 16.3 7.4 19 10.2 22.3 13.6 26.5 18.4 31.5 0.7 3.1 7.3 12.1 4.8 8.2 4 8.7 0
22.8 35.4 23.1 35.3 22.6 34.7 21.1 33.2 16.4 29.5 10.4 24.7 6.4 21.3 5.2 20.1 6.9 22.1 10.9 25.4 15.3 30.1 19.7 33.6 5.1 8.1 0.8 7.7 1.5 2.4 2.1 5.2 0
24.8 38.4 23.6 34.7 22.3 32 22.3 34 22.6 37.3 20.7 35.8 17.8 34 16.1 33.5 18.3 35.7 22.1 38.2 25.1 40.2 25.7 40 34.6 166.2 0.1 53.4 0 0 0.1 12.1 0
24.9 37.6 24.1 34.4 23.1 31.5 23.1 35.2 21.5 36.8 17.1 30.4 14 28.9 13 31.3 15.9 32.7 19.7 35.3 23.4 39.5 24.6 39 19.5 121.4 0 38.3 0 0 0 7.5 0
26.1 42.1 25.8 41 26 40.2 25.9 39.8 22.5 36.5 17.9 31.1 14.4 27.6 13.6 26.4 15 29.4 18.4 33.6 22.4 39.1 25 41 0.3 7 0 0.8 0 0 0 0.4 0
29.3 39 31.1 41.7 30.6 41.2 28.9 37.2 25.6 33.1 23.1 30.8 21.6 29.3 21.5 28.7 22.5 29 23.8 30.2 25.4 32 27 34.9 0.1 6.2 3.1 22.4 10 18.8 16.7 28.9 0
20.3 28.6 22.8 29.7 23.1 30.4 21.3 29.6 17.8 27.6 14.3 24.1 10.6 20.1 9.1 18.4 9.3 19.3 10.8 20.9 13.4 24 16.6 26.5 0.01 0.1 0.8 31.7 29.2 52.8 1.3 14.3 0
25.2 41.4 26 41.1 25.8 40.9 24 39.3 20.6 35.9 15 29.1 10.5 24.3 8.7 22.9 10.2 25.2 13.8 29.5 18.9 34.9 23 38.9 0 0.7 0 0.6 0 0 0 0.1 0
20.1 33.9 22 34.7 22.1 34.2 20.5 32.6 17.4 29.2 14.1 24.8 10.4 20.3 9 18.9 9.7 20.4 11.6 23.5 14.6 28.3 17.7 32 0 0.1 0 3.8 3.8 5.9 0.5 3.8 0
24.8 35.3 26.4 36.2 26.2 36.1 24.2 34.3 20.9 31.1 16.6 26.8 12.5 22.7 11 21.5 11.4 22.6 14 25.2 17.8 29.1 21.9 32.9 0 0 0 2 0.02 0.9 0.04 1 0
22.8 41.1 23.9 40.9 23.5 40.6 21.6 38.8 17.8 35.3 12 29.4 7.5 24.4 5.7 22.9 7.1 25.2 11 29.3 16 35 20.4 38.9 0 0.01 0.2 1.2 0.04 0.1 0.1 0.3 0
26.5 37 26.7 37.5 28 37.5 26.5 35.4 23.4 31.5 18.9 27 15 23.2 13.3 21.7 13.7 22.4 16.1 25.1 20.1 29.8 23.8 33.9 0 0 0.04 3.3 0.2 0.5 0.2 1.2 0
28.5 37.3 30.1 39.3 29.8 38.6 28.3 37 25.7 35.5 23.3 32.7 21.7 30.7 21.1 30.1 21.6 30.5 22.6 32.4 24.7 34.6 26.5 35.9 0.5 11.6 1.2 4.4 7 16.8 2 5.4 0
24.2 34.1 23.7 33.1 23.8 33.6 24.3 35 24.8 35.4 23.8 34.7 22.5 35 22.1 35.6 23.2 36.2 24.2 36.4 24.5 35.1 24.6 34.7 9 19 5 17 8 12 24 48 0
22.3 39.8 22.4 40.3 22.5 39.8 20.1 36.4 15 30 9 23.8 4.4 18.2 3.6 17.6 5.7 20.7 9 24.4 13.8 29.7 17.8 34.6 0 0.3 0.8 4 3.4 5 2.3 6.8 0
24.7 40.5 24.6 39.7 24.6 39.3 22.4 37.1 17.6 32.7 11.4 26.9 5.2 21 3.5 19.5 6.4 23.5 10.9 27.7 17.2 34.2 22.4 38.2 0 1.1 0.2 0.6 0.3 1.1 0.5 0.9 0
23.6 39.2 23 38.3 22.9 37.8 21.3 35.9 16.9 31.3 10.7 24.9 5.7 20 4.5 18.9 6.8 22 10.6 26.1 15.9 31.8 20.1 35.7 0 0.5 0.4 2.1 0.8 1.1 0.3 0.5 0
19.8 28.7 21.4 29.2 22.4 30.6 21.4 30 18.6 27.5 14.2 23.8 10.4 19.8 9 18.3 10 19.5 11.7 21.1 14.4 23.7 16.9 26.2 0 0.8 11 32.9 18.9 39.6 2.3 15.7 0
28.8 41.5 26.6 38.5 25.4 36.6 26 38.4 24.9 39.3 19.9 35.8 15.8 31.4 14.8 30.8 17 33.8 20.8 37.2 24.7 40.7 28.2 42.5 22.8 84.2 0 33.5 0 0.1 0.3 7.7 0
28.6 41.9 27.2 39.9 26.2 38.4 26 39.1 23.2 38 18 33.4 13.7 28.9 12.5 28 14.8 31.1 18.7 34.8 23 38.8 27 41.5 11.6 45.9 0.2 23.1 0.1 0.6 0.2 5.3 0
27.3 41.6 25.8 38.5 24.8 36.5 24.8 38.3 22.7 39.1 17.7 35.2 13.5 30.4 13 30 15.2 33.2 18.5 36.6 22.5 40 26 42.2 16.4 73.6 0.1 29.4 0.1 0.6 0.1 4 0
18.7 24.7 20.4 26.5 21.2 27.1 21.2 27.1 19.7 25.8 17.9 23.8 15.7 21.8 14.7 20.6 14.9 21 15.4 21.8 15.7 22.1 17 23.1 0 0 10 18 18 27 2 14 0
27.6 41.3 26.2 38.5 25.6 37.6 26.3 38.7 25.9 39.3 21 35.2 17 31.7 15.6 30.7 16.8 32.6 20.3 36.5 24.1 40.4 27.3 41.9 4.2 48.3 0.7 26.7 0 0 0 3.9 0
24.2 37.7 22.8 34.2 22.3 33.3 22.4 35.2 22.4 36.8 18 33.6 14.2 30.4 13.1 29.7 15.2 32 18.8 35.6 22.3 38.8 24.5 39.4 20.8 115.2 0.5 57.6 0 0.2 0.4 12.7 0
26 39.8 24.1 36.3 23.7 35.2 24.3 36.9 24.7 38.7 21.9 37.1 18.4 34.5 16.8 33.5 17.5 35.2 20.2 38.2 23.7 41 26.2 41.4 24.7 81.2 0.2 43.6 0 0 0 2 0
27.6 41.3 26.2 38.5 25.6 37.6 26.3 38.7 25.9 39.3 21 35.2 17 31.7 15.6 30.7 16.8 32.6 20.3 36.5 24.1 40.4 27.3 41.9 4.2 48.3 0.7 26.7 0 0 0 3.9 0
24.3 37 22.8 33.3 22.4 32.7 22.4 34.3 22.5 35.7 20.1 33.7 16.6 30.9 15.5 30.5 17.4 32.6 20.9 36.1 23 38.7 24.3 38.7 44.9 109.6 0 64 0 0 0.6 19.5 0
26.3 38.4 28.5 40.7 29 40.4 27.1 37.9 25.3 33.8 23.7 30.9 21.1 28.3 19.4 26.6 18.7 26.9 19.5 28.5 21.7 31.8 24.2 35.4 0.5 2.8 0 25.8 0.2 11.8 0.7 9 0
22.9 30.7 23.2 30.3 23.2 30.5 22.7 30.8 22.2 30.5 20.8 29.9 19 29.1 18.4 29 18.2 29.5 18.3 29.8 19.9 30.4 21.5 31 13.87 19.32 6.52 24.35 0.81 1.46 1.36 5.18 0
18.1 28.7 17.6 28 17.4 28.8 17.5 29.3 17.2 29 15.9 29.3 13.9 28.9 19.1 28.4 16 30.6 17.8 32.1 18.9 32.3 18.6 30.1 15.98 17.55 2.07 15.84 0.08 0.74 0.29 11.04 0
22.9 31.4 23.3 32.1 23.2 32.8 23.2 32 23.6 30.3 22.9 29.4 21.8 29 21 28.6 20 29.1 19.7 30.1 20.6 30.9 21.9 30.8 4.75 19.52 16.9 40.9 3.94 7.13 3.88 22.1 0
20.2 35.3 21.4 36.2 20.7 35 17.4 32.6 12.5 27.9 8.3 22.9 5.2 19.8 4.1 19.6 6.1 22.5 10.1 27 14.7 30.7 17.8 33.5 38.7 43.7 18.2 33.6 10.1 14.8 8.7 25.9 0
17 31.3 18.4 32.7 18.2 32.2 15.5 28.9 11.7 23.8 8.5 19.1 6.2 15.6 5.3 15.1 6.3 17.2 8.8 21 11.7 24.9 14.6 28.6 21.6 24.6 18 23 18.5 21.7 20.1 25.1 0
20.6 29.2 22.4 31.3 23.4 32.6 22 31.4 19.1 29 14.9 26 12.4 23.2 11 22.2 11.6 22.8 13.9 24.3 16.3 25.9 18.6 27.4 2.1 20.5 13.7 37.2 19.1 47.7 4.1 6 0
19.1 34.4 20.6 36.2 20.7 35.5 18.2 32.7 14.1 27.6 10.1 22.2 7.3 18.8 6.3 18.7 7.4 20.9 10.1 24.6 13.6 28.8 16.6 32.2 16.5 23.4 6.7 14 8.1 14.4 8.7 15.4 0
20.1 28.8 21.5 30.4 22.5 31.8 21.7 30.8 19.4 28.5 16.5 25.8 13.6 22.8 12.3 21.7 12.8 22.3 14.5 23.6 16 25.2 18.2 27.4 1.4 11.4 14.6 34.7 21.1 41.5 3.5 8.2 0
20.7 36.7 22.9 37.9 24.2 37.3 22.8 36.2 20.5 33 16.1 28.3 13.2 24.7 11.4 24 12.3 26.1 13.8 29.1 16.2 32.2 18.3 34.2 6.1 45.6 16 44.2 14 41.6 1.3 2.1 0
25.9 35.9 26.5 35.7 26.5 35 25.2 35.4 21.8 33.5 18.6 29.3 14.6 26.4 13.6 25.7 14.5 28.3 17 30.8 20.4 33.1 22.6 33.9 8.5 60.8 24.6 58.4 6.1 31.9 0.5 1.8 0
19.3 34.9 20.5 35.8 20 34.8 18 31.9 13.9 27.2 9.5 22.1 6.6 18.5 5.2 17.8 6.4 20 9.5 24.5 12.8 28 16.6 32.1 16.8 27.8 22.8 30.7 13.8 24.9 8.4 13.7 0
18.9 33.1 20.4 35 20.3 34.4 17.5 31 12.5 25.4 9 20.8 5.2 16.8 4.7 15.9 6.1 18.5 9.6 23.1 12.2 26.1 16.1 30.1 16.7 28.1 15.1 21.4 13.6 15.9 14.2 18 0
19.7 34.8 21.5 36 20.9 35 18.5 32.5 13.6 27.1 8.5 21.8 5.8 18.2 4.3 17.6 5.5 19.7 8.6 24.1 12.3 27.7 16.4 31.6 15.1 30.5 22.4 30.9 14.4 25.9 6 10.1 0
20.1 34.8 21.9 36.7 20.9 34.7 18.6 31.9 15.2 27.7 10.6 22.5 7.2 18.8 6.1 18.4 7.3 20.5 10.4 24.9 13.7 28.6 17.1 31.7 23.5 43.1 18.3 31.5 18.5 26.3 9.3 15.3 0
25.8 41.3 26.4 40.9 25.7 38.9 25.1 38.4 22.1 35.8 17.3 30.7 14 27.2 12.3 27 14 29.7 17.2 34 21 38.1 23.9 40.4 39.6 87.8 21.9 56.7 6.4 23 0.9 9.1 0
22 36.3 24.3 38.1 23.7 36.5 21.4 34.3 17 29.1 11.9 23.5 8.7 19.5 7.4 18.8 8.5 21.1 11.5 25.5 14.9 29.3 18.5 33.1 11.8 34.9 19.9 27.4 11.8 33.4 4.8 11.3 0
24.1 38.5 25.3 38.8 24.4 37.2 22.5 35.8 18.5 31.6 13.3 26.2 9.6 22.4 8 22.2 10.2 24.8 13.7 29.4 18 33.6 21.5 36.5 27.9 80.1 23.2 38.6 10.6 25 3.9 10 0
22.4 34.4 24.5 35.3 25.2 35 24.3 35.3 21.9 33.1 17.9 29.1 14.7 25.8 13.1 25.2 13.9 26.8 15.3 28.9 17.7 31.6 20 33 9.4 64.7 22.3 57.4 6.8 50.2 0.3 1.3 0
24.5 39.5 25.2 39.7 23.7 35.1 22.6 35.8 18.7 32.3 14.3 28.2 10.3 24.5 9 23.9 11.1 26.9 13.2 31.1 17.7 34.8 21.2 38.2 17 49.4 18.3 34.9 12.7 28.4 3.2 5 0
17.9 30.1 19.4 32 19.6 31.8 17.6 29.1 14.4 25.1 10.9 20.5 8.2 17.6 7.3 16.9 8.1 18.4 10.4 21.5 13.3 25.1 15.9 28.2 16 22.9 14.3 27.1 23.5 23.9 19.4 26 0
23.9 36.5 25.4 36.3 25.3 36.1 24.4 36.8 21.3 35.1 17.2 30.4 14.1 27.5 12.2 27 13.1 29 15.3 32.3 18.2 34.5 21.1 36 19.6 98 23.7 43 5.6 20.9 0.9 2.8 0
25.2 39.1 26.4 39.2 26.5 38.2 25.8 38.2 23.1 35.9 18.9 31 16 27.5 14.1 27.2 15.1 29.7 17.2 33 20.3 36.5 22.8 38.2 14.5 79 22.6 55.7 5.1 28.5 0.2 0.8 0
19.4 34.5 21 36.1 21.2 35.5 18.3 32.2 13.7 27 9.9 22.3 6.9 18.6 5.9 18.3 7.2 20.4 10.3 24.3 13.4 27.8 16.8 31.4 20 24.3 13.5 17.8 13.6 16 13.3 20.6 0
17.5 32.2 19.3 34.2 19.3 33.6 16.8 30.4 12.9 25.3 9.4 20.4 6.8 17.3 5.8 16.8 6.7 18.7 9.3 22.3 12.2 26 15.1 29.5 13.9 19.9 11.8 20.5 14.3 16.7 15.7 16.7 0
24.2 38.7 25.9 39.9 26.2 39.8 24.5 37.3 21 33 15.5 27.2 11.2 22.3 9.6 20.8 10.6 22.1 13.6 25.5 17.8 31.1 21.5 35.4 0 0 0 3.5 3.5 6 1 3.7 0
23.6 38.4 25.1 39.4 25.3 39.1 23.3 36.4 19.9 32.7 14.9 27 10.3 21.8 8.9 20.5 10.1 22.2 12.9 25.7 17 30.7 20.7 35.1 0 0 0 3 4.9 7.7 1 4.6 0
18.7 24.7 20.4 26.5 21.2 27.1 21.2 27.1 19.7 25.8 17.9 23.8 15.7 21.8 14.7 20.6 14.9 21 15.4 21.8 15.7 22.1 17 23.1 0 0 10 18 18 27 2 14 0
14.2 34.2 16.9 36.5 16.5 36.2 13 33.4 8.9 28 4 20.3 1.3 14.2 0.4 12.6 1.3 14.8 3.7 18.9 7 24.5 10.5 29.7 0 0.4 0.2 21.4 22.7 27.9 3.3 16.9 0
22.3 37.2 25.4 40.3 24.8 39.8 20.3 35.8 14.1 29.5 17.3 20.7 3.2 14 2.3 12.5 3.7 15.2 6.8 19.6 12 25.8 17.2 31.9 0 0.5 0.2 14.7 25.3 28.2 8.5 27.1 0
19.8 35.4 21.5 38.1 21.6 37.9 19.1 34.4 14.3 28.3 7.7 19.9 3.5 13.5 2.5 12.1 3.8 14.7 6.9 19.4 11.5 25.2 15.9 30.7 0 0.4 0.3 16.1 18.4 20.8 8.2 21.2 0
28.8 36.4 30.4 37.9 30.5 38 28.6 36.5 25.5 33.1 21.2 27.8 16.2 22.3 14.1 20 14.9 21.2 17.8 24.7 21.5 29.2 26 34.1 0 0 0 3.8 10.9 16 1.1 13.9 0
14.7 27.8 17.7 29.3 16.3 27.5 10.4 22.7 3.3 16.6 -3.5 7.2 -11 0 -14.3 -1.2 -10.8 2.9 -3.4 10.2 3.5 18.4 9.9 24.4 19 52 4 23 1 2 6 17 0
27.1 25.3 33.9 26.3 37.4 32.6 24 15.6 36.4 21 34.3 32.7 10.6 12.2 27.1 9.3 28.4 30.1 17.7 25.3 38.7 22.1 35.1 39.5 39.5 129.1 7.6 59.2 0.9 1.8 0.9 6.7 0
29.3 26.8 38.4 28.1 41.7 36.6 25.3 12.6 35.9 20 36.8 30.5 7.5 9.7 22.6 6.6 24.7 25.9 15.8 27.2 37.8 22.1 31.9 41.8 32.9 87.4 1.8 39.9 2.9 9.1 6.4 16.1 0
27.1 25.4 37.7 26.5 40.9 36 24.3 13.8 36.1 20.5 36.5 31.1 8.9 10.9 23.7 7.9 25.4 27.2 16.8 25.7 38.4 22.2 32.8 41.7 16.1 79 1.3 16.2 1.3 4 3.2 18.1 0
25.1 46.2 44.3 26.5 27.3 45.3 22.6 35.6 42.5 12.3 17.9 26.5 7.7 17.3 19.4 8.2 6.5 20.3 11.8 31.8 25.3 22.2 16.7 39 0 0.6 0.1 31.9 32.1 52.9 6.7 27.3 0
28 38.2 38.4 30.1 30.3 37.7 27.7 35 36.8 18 23.5 30.4 13.5 23.5 25.5 14 12.1 24.4 17.5 31.6 27.7 24.7 20.9 36.3 0 2.2 0.8 5 24 47.5 4.8 34.8 0
26.2 37.4 35.7 28 28.2 37.5 24.6 32.6 36.3 15.7 20.5 26.5 11.7 18.5 20.9 11.1 10 20 14.4 29.1 24.2 23.4 18.6 34.1 0 0 0 27.3 33.9 66.4 1.5 20.3 0
19.1 36.4 34.1 19.8 21.5 35.1 15.1 24.4 31.2 3.6 9.3 16.9 -0.9 8.8 10.8 -0.2 -2.4 11.9 4.5 22 16.8 14.2 9.4 28 0.2 0.7 0 9.9 14.1 19.6 8.8 19.2 0
19.9 40.1 38.3 21.1 22.7 39 14.8 26.7 35 3.9 9.8 19.6 -0.4 10 12.9 -0.4 -2.3 11.8 4.2 25.9 17.5 15.1 9.8 32.4 0 2.4 0.8 10.5 16.4 21.9 11 26.8 0
15.6 35.5 34.8 14.2 17 34 9.8 25.7 31 -0.7 4.8 19.2 -3.6 11.8 14.1 -1.1 -4 14.2 3.4 23.8 18.6 12 7.9 29.8 0.5 0.7 0.3 5.1 18.4 29 8.6 32 0
22.6 37.7 35.2 24.1 25.4 36.8 19.9 25.2 32.7 6.8 13.5 17.3 1.5 8.5 10.6 1.1 -0.4 11.1 5.8 23.9 16.6 17.1 11.9 29.4 2.6 3.3 1.5 9.5 18.1 20.3 14 25.8 0
20 39.5 36.3 19.9 23.3 36.1 18.7 26.5 35.3 2.3 8.6 19.3 -0.7 12.2 17 0.1 -0.8 14.8 5.3 21.9 19.5 17.7 9.5 33.4 0 2 0 3 0 7 0.6 21.9 0
18.6 37 36.2 17.2 19.8 35.6 12.4 27.7 32.3 3.1 8.1 21.7 0.5 14 16.3 2.5 -0.5 16.5 7.4 27.5 21.9 15.9 12.1 32.5 0.4 0.9 0.2 3.4 7.2 21.1 3.9 13.6 0
26.6 43.1 28.5 45.5 27.6 44.9 23.6 42 18.3 35 12 25.8 7.8 18.5 6.2 16.5 8.1 19.6 12 24.4 17.5 31.3 23.2 38.3 0 0 0.7 19.8 25.1 37 3.9 33.6 0
23.3 41.3 25.5 44 24.5 43.5 20.7 40.2 15.9 33.4 9.2 23.7 5.1 17.2 3.8 15.5 5.5 18.5 9.6 23.6 15.2 29.9 20.1 36.5 0 0 0 12.4 19.1 27.2 3.2 22 0
26.3 41.5 28.8 43.9 28.2 43.6 24.3 40.2 19 33.3 11.6 23.7 6.9 17.6 5.4 15.7 7 18.8 11.2 23.6 17.1 30.6 22.5 36.9 0 0.1 0.3 10.5 14.3 17.6 3.5 15.7 0
26.3 42.7 28 44.8 27.4 44.8 24.2 42 19.2 35.4 12.5 25.9 7.7 19 6.2 17 8.1 20.2 12.4 25.4 18.4 31.8 23.5 38.5 0 0.2 0.7 14 18.1 27.4 4.3 20.9 0
27.7 44 29.5 45.6 28.7 45.3 25 42.1 20 35.7 13.9 26.6 8.8 20.2 7.5 18.2 9.1 20.9 13.1 25.7 18.6 32.1 24.3 39 0 0 0 18.9 16.5 28.7 13.3 16.4 0
28.9 45.5 30.7 46.7 29.5 46.9 26.2 43.7 21.5 36.6 14.5 27.8 9.9 21.9 8.5 19.5 10 21.8 14 26.9 19.5 33.9 25.4 40.9 0 0 0 18.5 10.5 30.2 0.4 18.2 0
12.9 26.2 15.5 27.9 13.8 26 7.5 20.3 -1.2 12.1 -10.6 2.4 -17.4 -4.5 -20 -6.9 -16.4 -2.6 -9.4 4.4 -0.3 13.7 7.4 21.2 20.6 34.7 2.5 11.2 1.1 1.5 3.1 10 0
10.7 24 12.6 25.1 10.4 23.7 4.3 18 -4.4 9.3 -15.2 -2.3 -24.3 -12 -28.5 -15.5 -24.6 -10.2 -14 0.8 -2.8 11.7 4.9 19.3 25.2 41.2 2 10.8 0.7 1.5 2.6 10.1 0
28.6 28.8 27.5 39.1 38.8 37.6 25.4 22.1 18.1 35.7 32.3 27.4 14.2 12.4 14.6 23.8 21.9 24.6 18.6 22.7 26.7 27.3 32.3 36.3 8.7 12.6 1.6 7.4 3.6 6.6 7.6 12.3 0
27.3 30.1 43.9 29.8 43.7 43.7 27 17.2 36.9 22.4 41 31 13.4 13.6 23.6 11.4 26 26.2 16.5 24.6 36.2 20.6 30.3 41.5 2.4 11.7 0 2 14.2 20.4 4.1 15.7 0
29.6 36.7 37.8 29.8 30.8 35.8 27.7 33.4 34.9 20 23.7 29.4 17.1 23.4 25.5 16.1 15 24.1 19 31.6 27.2 27.6 22.9 36.6 0 0.4 0 6.5 8.5 17.9 0.1 13.7 0
26.6 38.5 24.4 38.2 23.5 33.6 23.7 35.6 20.8 33.2 19.7 31.1 17.3 27.6 15.4 26.4 16.7 29.2 18.8 33.2 23.2 38 25.8 40.8 0 0 0 2.3 0 4.3 0 0.2 0
28.2 43.8 28.9 43.4 28.1 42.1 25.7 39.5 21.8 34.9 18.1 31.8 14.8 27.3 12.1 25.2 13.9 25 17.6 27.8 22.6 34.3 26.1 40.1 0 2.2 0.3 1.1 0 1.3 0.3 6.6 0
27.1 44.1 28 42.1 25.4 42.1 23.7 39.6 21 36.6 18.1 33.1 14.6 28.9 12.3 27.2 14.1 29.6 17.4 32.7 21.6 39.3 25.2 42.9 0.5 1.4 0 1.1 0 0.4 0.2 6.3 0
27.1 44.1 28 42.1 25.4 42.1 23.7 39.6 21 36.6 18.1 33.1 14.6 28.9 12.3 27.2 14.1 29.6 17.4 32.7 21.6 39.3 25.2 42.9 0.5 1.4 0 1.1 0 0.4 0.2 6.3 0
26.8 30.1 23.9 26.8 23.1 26.5 23.8 27.5 22.9 29.5 22.6 30 21.5 28.4 19.9 26.9 20.5 27.4 21.9 29 24.8 30 26.8 31.1 4.8 24.3 1.9 16.6 0.1 1.5 2.1 12.9 0
27.9 39.5 27.8 40 26.5 37.7 24.6 36.2 21.3 32.8 17.9 29.3 15.1 26.1 13.3 22.8 14.8 25.8 18.2 29.6 22.3 33 26.2 36.9 10.9 16 0.9 11.8 1 16 2.9 19.6 0
29.3 30.3 30 42.9 42.7 42.1 27.5 24.1 19.8 40.1 36.3 31.2 15.1 13.1 15.6 26.3 24.3 28.1 18.7 23.4 27.5 32 36.6 41.1 1.8 6.5 0 3.1 3.9 17.4 0.5 15.5 0
21.3 19.8 19 28.5 22.8 21.1 18.5 18.8 17.3 25.6 27.5 25.8 14.4 12.5 14.3 22.3 20.5 22.5 17.1 19.6 20.9 24.7 28.7 30.1 12 39.9 0.7 14.6 0.5 1.2 1.6 31.7 0
21.3 19.8 19 28.5 22.8 21.1 18.5 18.8 17.3 25.6 27.5 25.8 14.4 12.5 14.3 22.3 20.5 22.5 17.1 19.6 20.9 24.7 28.7 30.1 12 39.9 0.7 14.6 0.5 1.2 1.6 31.7 0
29.6 29.8 36.7 30.8 37.8 35.8 27.7 20 33.4 23.7 34.9 29.4 17.1 16.1 23.4 15 25.5 24.1 19 27.6 31.6 22.9 27.2 36.6 0 0.4 0 6.5 8.5 17.9 0.1 13.7 0
26 42.7 42 26.2 27.3 42.1 22.6 34.6 38.8 17 19.7 31.1 14.6 25.5 27.4 15 12.3 28.4 17.5 36.6 31.8 23.6 20.9 40.3 0.3 1.7 0 1.6 0.9 3.9 0.6 11.6 0
26.1 31.9 34.9 23 24 30.8 23.5 32.3 31.1 22.6 23.4 30.3 20.7 26.5 27.8 19.1 18.5 27.8 21.1 33.8 30.3 26.3 24.3 35.9 0.2 8.8 0 4.2 1.9 4.2 0.2 9.7 0
26.6 38.2 38.5 23.5 24.4 33.6 23.7 33.2 35.6 19.7 20.8 31.1 17.3 26.4 27.6 16.7 15.4 29.2 18.8 38 33.2 25.8 23.2 40.8 0 0 0 2.3 0 4.3 0 0.2 0
26.8 26.8 30.1 23.1 23.9 26.5 23.8 29.5 27.5 22.6 22.9 30 21.5 26.9 28.4 20.5 19.9 27.4 21.9 30 29 26.8 24.8 31.1 4.8 24.3 1.9 16.6 0.1 1.5 2.1 12.9 0
27.9 40 39.5 26.5 27.8 37.7 24.6 32.8 36.2 17.9 21.3 29.3 15.1 22.8 26.1 14.8 13.3 25.8 18.2 33 29.6 26.2 22.3 36.9 10.9 16 0.9 11.8 1 16 2.9 19.6 0
30.3 38 40 28.2 30.1 35.6 26.8 34.6 35.6 20.8 24.2 30.3 18.3 25.1 26.8 17.8 16.7 26.4 20.3 34.7 29.5 28.7 24.2 39.6 1.6 10.9 0 1.6 13.2 16.5 0 16.4 0
28.4 42.7 43.5 26.9 28 41.6 25 36.6 39.7 17.8 20.9 31.6 14.1 26.2 27.8 14 12.3 29.6 17.1 37.8 32.5 26 21.9 42 6.6 10.9 1.7 5.9 0.7 5.7 1.9 15.2 0
21.3 22.8 28.5 19 19.8 21.1 18.5 27.5 25.6 17.3 18.8 25.8 14.4 20.5 22.3 14.3 12.5 22.5 17.1 28.7 24.7 20.9 19.6 30.1 12 39.9 0.7 14.6 0.5 1.2 1.6 31.7 0
26.8 26.8 30.1 23.1 23.9 26.5 23.8 29.5 27.5 22.6 22.9 30 21.5 26.9 28.4 20.5 19.9 27.4 21.9 30 29 26.8 24.8 31.1 4.8 24.3 1.9 16.6 0.1 1.5 2.1 12.9 0
29.7 42.5 43.5 29.2 30.5 41.7 26.9 36.7 39.7 19.3 23.1 31.4 16.3 24.9 26.9 15.2 14.2 27 18.8 37.8 32.3 27.4 22.9 42.4 1.5 8.4 3 12.1 11.3 14 5.8 14.3 0
27.3 28.5 32 23.7 24.8 27.1 24.3 31 29.3 21.6 22.6 31.3 20.3 27.5 29.1 20 18.7 28.4 21.9 31.8 30.2 26.6 24.4 32.8 7.6 25.1 0.4 9.9 0.4 4.7 6.1 7.9 0
31 42.9 43.5 30.2 31.4 42.1 27.8 36.5 39.8 19.9 23.8 31 16.3 25.1 26.8 16.5 14.7 28.2 20 37.4 32.5 29.1 24.4 41.9 3.5 11.7 1.7 10.1 5.4 9.3 0.7 19.3 0
27.9 36.2 36.9 28.6 29.6 34.7 25.9 33 34.1 18.5 21.8 29.5 15.9 24.2 26.1 15 14 25.3 17.3 31.9 27.5 24.9 20.8 36.3 0.3 2.3 0.1 5.9 16.9 26.6 0.7 24.1 0
30.7 40.5 41.7 27.8 29.5 38.9 26.9 35.7 38.4 21.3 25 31.1 18.8 26.3 27.7 18.9 17.7 28.4 21.7 36.5 31.7 29.8 25.7 41.3 2.5 13.4 0 3.3 9.8 11 1.7 17.2 0
27.9 36.2 36.9 28.6 29.6 34.7 25.9 33 34.1 18.5 21.8 29.5 15.9 24.2 26.1 15 14 25.3 17.3 31.9 27.5 24.9 20.8 36.3 0.3 2.3 0.1 5.9 16.9 26.6 0.7 24.1 0
25.5 37.9 40.2 23.8 24.8 37.2 22.7 34.9 38 16.3 19.7 30.6 13.5 25.8 27 14.4 11.9 28.9 17.7 36.2 32.3 23.9 21.2 39.3 0.8 6.2 0.3 2 0.4 0.9 0.4 9.3 0
26.9 40.5 27.1 37.1 26.6 36.1 23.7 35.7 17 33 10.1 27.2 5.1 21.4 4.1 19.4 7.1 21.9 12.3 26.7 18 33.5 22.7 38.4 27.9 115 3 28.7 8.6 20.1 16.2 25.7 0
15.2 34.3 18.8 36.1 18.1 35.3 12.7 31.6 6.6 25.3 0.6 17.8 -2.4 11 -2.7 9.3 0.2 12 5.4 17.9 9.4 23.9 11.7 28.4 6.1 15.6 1.8 8.4 4 6 12.6 25.3 0
28.1 40.2 27.8 37.4 26.7 36.3 25.3 36.8 22.3 37.2 17.3 31.9 12.5 26.3 11.1 25 13.6 28.1 18.5 33.9 23 38.9 26.2 41.6 13.9 60.8 1.5 21.4 1.2 3.9 3.5 5.8 0
27.9 33.3 27.4 32.2 26.2 30.8 25.3 30.7 23.5 31.6 20 30.5 15.7 27.3 14.1 25.6 15.9 26.4 20.3 28.8 23.7 30.6 26.1 32.3 3.9 66.4 0.3 22.8 3.6 6.4 0 8.3 0
28.6 42.3 28.7 39.2 28 38 24.9 37.2 18.2 34.6 10.9 28.5 5.5 22.7 4.5 21 7.6 23.2 13.5 28.5 19.5 35.5 24.4 40.4 12.3 61.3 1.7 10.8 6.9 9.5 9.8 19.5 0
27.7 43.2 27.6 40.4 26.3 38.6 23.8 38.4 18.2 37.1 12.2 31.6 7.4 25.5 5.9 24.3 8.7 27.1 14.2 33.3 19.7 39.2 24.6 43.5 8.3 51.8 1.5 10.4 1.6 2.7 1.4 3.1 0
27.7 29.1 28.9 41.2 41.5 40.7 26.5 23.4 19.5 38.6 35.2 29.5 15 12.8 13.7 24.1 21.7 23 16.7 20.6 25 26.8 31.9 38.2 0 0 0 3.3 12.1 17.1 3.6 16.1 0
27.5 28.7 43.3 28.9 41.7 42.4 25.6 17.1 35.6 22 40.3 28.9 12.4 11.5 20.8 10.2 23.2 22.3 14.7 24.6 32.4 19.7 25.6 38.7 0 0 0 18.6 15.2 17.7 1.2 35.3 0
24.4 26.7 39 26.1 37.8 38.3 26.1 21.9 36.4 23.8 37.4 33 19.9 17.4 28.7 18.2 30.5 28.9 19 24 34.6 21.7 31.1 36.8 0 0.6 0 25.7 3.3 11.5 0.3 2.9 0
29.3 29.3 38.5 29.8 38.5 38.1 28.2 24.1 36.8 25.9 38.2 34.4 22.1 22.1 30.6 21.2 31.7 31 23.8 27.5 35.4 25.7 32.8 37.6 1.1 16.2 12 20.8 4.5 17.5 9.9 12.7 0
28.1 29.2 42.7 28.8 42.7 43.1 27.6 17.3 36.8 22.6 42 30 13.5 12.9 23.9 11.6 25.7 25.8 16.4 25.3 34.7 20.8 29.6 39.2 0 4.1 0.5 16 3 8.1 7.6 15.4 0
28 28.9 42.8 28.6 43.6 42.6 28.5 22.5 39.8 25.5 42.6 34.8 20 18.3 30.2 18.6 31.6 31.2 20.6 27.4 38.3 24 34.4 41.8 0 6.3 4.7 25.9 1.3 25.6 0.7 9.9 0
27.4 28.6 43.4 28.9 42.2 43.1 25.6 15.3 34.8 20.9 40.3 27.6 10.5 10.7 20.3 8.9 22 22.7 14.6 25.5 32.9 19.9 26.7 38.9 0 0.3 0 7.4 5.8 12.3 6.2 30.2 0
21.2 23 38.8 23.1 37.7 38.8 20.5 10.5 31.8 16 37 25 5.6 5.4 17.9 4.1 19.7 19.9 9 18.3 30.2 14.1 23.9 34.4 0 1 0.1 7.3 1.3 6.3 1.6 4.4 0
24.8 42 39.6 28.7 27.6 41.5 25.6 35.8 40.1 17.5 21.8 30.6 14.1 23.8 25.7 13.2 11.8 24.6 15.8 33.4 28.6 22.8 19.1 38.4 0 0.1 0 1.8 3.9 42 0 24.8 0
26.1 40.6 38.8 29.3 28.9 40.4 26.3 35.1 38.7 18.3 22.7 30.5 15.4 24 26.2 14.5 13.7 24.6 17 32.4 27.9 23.5 20.1 36.8 0 0 0 1.8 11.3 35.7 0.7 22.4 0
25.6 42.7 42.1 28.6 28.5 41.9 24.7 36.7 40.1 16.6 20.7 31.4 13.5 24.8 26.8 12.9 11.8 25.9 15.5 35.2 29.5 22.6 18.9 39.3 0 0.6 1.3 8 12.8 35.7 2.8 35 0
18.3 36 33.8 18.1 20.8 33.3 11.8 18.1 27.5 -0.7 4.3 10.2 -5.2 -0.3 2.6 -7.9 -8.8 1.9 -0.8 21 10.6 13.9 7.6 28.7 2.1 3.9 3 9.4 8.7 13.6 12.2 19.3 0
19 39.1 37.4 18.3 20.7 37.1 12.9 25.2 32.2 3.9 8.3 18.3 0.7 9.3 12.1 0.7 -1.5 12.1 6.1 25.8 18.3 16.3 12.3 32.2 0 0.8 0.1 8.8 17.4 23.4 9.3 37.7 0
17.8 31.7 18.4 32 17.5 30.8 14.9 27.2 10.6 23.4 5.7 19 2.6 15.5 2.4 14.7 4.4 18 6.4 20.4 11.6 25.6 14.8 29.2 23.3 48.2 7.9 34.7 3.6 12.2 8.2 15.2 0
7.7 21.5 22.1 8.8 8.6 21 8.5 21.7 21.4 6.3 6.9 21.8 5.5 21.4 21.3 5.5 5.5 21.9 6.4 22.6 22.3 6.6 6.6 22.5 4.3 35.6 0.2 21.3 0 1.8 0.2 1.4 0
17.7 25.8 23.9 19.4 19.1 26.5 19.2 24.3 26 16.1 17.6 21.7 15.3 18.7 19.7 14.6 15 18.4 14.6 19.9 18.7 16.4 15.2 21.9 0.3 0.9 0 4.9 0.3 0.3 0 5.4 0
18 33.4 32 21.1 20.1 34.3 21 33.4 34.5 17.1 19.6 31.2 16.4 28.1 28.9 15.4 15.5 28.6 15.5 29.8 29.3 16.6 15.8 30.4 0.6 8.3 0.1 18.1 0 0.7 0 1.7 0
14.9 27.2 25.8 16.7 16.4 28 16.2 24.9 27.1 11.6 13.8 22.3 10.8 19.2 20.3 9.9 9.9 19.2 10.7 22.3 20.2 13.4 11.8 24 0.4 0.7 0.2 1.9 2.2 6.9 0.8 10.9 0
16.2 25.1 23.3 18.2 17.3 26.2 18.5 24.6 26.1 16.4 17.3 23.3 15.6 21.2 22 14.8 15 20.2 14.2 20.6 20 15.1 14.4 22 0.1 1.6 0 2.4 0 0 0 0.3 0
11.3 24.8 13.7 28.3 13.2 27.8 8.5 22 3.2 13.7 -1.7 5.2 -6.1 0.1 -7.6 -0.8 -4.4 3.6 -0.9 10.5 2.9 16.5 7.5 21.3 29.1 35.2 16.2 28 14.4 28.9 11.7 24.4 1
8.6 22.3 10.5 25.5 10 25.4 5.1 20.1 0 14 -7.2 4.3 -12 -0.2 -13.8 -1.8 -10.7 1.5 -6.5 6 -0.9 12.9 4.2 18.2 45.8 63 16.9 39.6 11.6 17.6 24 53.5 1
9.9 23.8 12 26.9 11.4 26.8 5.6 20.6 -0.1 14 -8 3.6 -13.6 -2.2 -15.9 -4.5 -11.9 -0.5 -6.4 5.8 -0.1 13.7 5.5 19.4 33.3 62.6 15.8 36.2 9.3 14.7 18.3 46 1
15.5 29.5 14.7 27.2 14.4 27 14 26.4 11.2 25.8 7.5 24.6 5.4 22.8 4.4 22.3 5.8 24.1 8.5 26.6 11.3 28.8 14.3 30.7 69.9 115.5 8.2 76.9 4.7 15.2 1.2 19.7 1
18.7 32.7 18.9 30.9 17.6 29.4 15.7 27.5 10.9 25 5.3 20.6 2.3 17.2 1.7 16.5 3.7 19.6 7.4 23.1 10.9 26.3 14.6 29.8 34.3 108.2 12.8 104.9 4 16.9 4.2 23.5 1
16.2 29.3 15 27.2 14.9 27.1 14.6 26.9 12.2 26.4 9.9 25.4 8.2 23.6 7.3 23.5 8.3 25.2 10.9 27.8 13.4 29.7 15.6 31.3 104.5 184.9 7.5 103.6 5 12.2 4.3 24.5 1
19.1 31.6 22.8 33.2 24.2 33.6 23.4 32.8 21.3 32.2 17 28.9 14.1 26.4 12.5 25.1 12.5 26.2 13.1 26.7 14.9 28.7 16.7 30 0 59.2 17.5 83.7 2 18.9 0.2 0.6 1
22 33.5 22 34.2 22.1 34.1 20.7 31.2 17.1 27.2 13 24.4 9 21.5 8 20.8 10 23.6 14.2 27.7 17.3 30.2 20.3 32.2 57.5 86.8 19.5 148.1 10.9 16.5 15.5 70.5 1
14.6 29.2 13.9 26.7 13.7 26.6 13.3 25.6 11.2 25.7 9 25.1 7.6 23.5 7.3 22.8 7.8 24.5 9.8 27.4 12 29.3 14.3 30.6 80 128.7 9.4 70.9 7.6 15.1 3.9 44.8 1
21.5 35.5 22.8 36.9 23 36.6 20.6 33.9 18.3 31 14.1 25.9 11.6 23 10.6 21.9 12.3 24.5 14.8 29.1 17 30.8 21 34.3 24.3 99.7 11.9 72.6 12.6 16.9 7.3 73 1
13.1 28.7 12.5 26.9 12.4 26.6 11.9 25.4 9.2 24.7 7.1 23.9 4.9 21.9 4.5 21.7 5.8 23.9 7.7 27 10 28.9 12.3 30.2 42.1 52.5 7 50.1 6.5 18.7 4.2 38.6 1
15.3 25.7 17.1 28.5 17.9 28 17 27.6 13.1 25.4 9.8 23.2 6.9 20.7 7.4 20.6 8.4 21 9.6 20.5 10.7 21.6 13.4 23.6 0.4 0.7 5.4 32.3 36.2 43.1 3.2 61.5 1
15.9 30.9 18.6 33.2 17.7 31.7 13.6 27.7 6.9 22.5 0.2 15.4 -4.6 10.1 -6 9.4 -3.6 11.6 0.4 16.4 5.6 21.9 10.9 26.2 66.5 94 17.5 50.5 10.9 15.5 24.4 63 1
11.1 25.3 14.6 30.4 13.7 29.3 8.1 22 3.1 15.9 -3.6 6.9 -8.6 1.3 -10.2 -0.1 -7 3.7 -3.8 7.7 1.1 13.9 6.3 19.3 23.9 50.5 21.3 34.5 16.3 22.9 29.5 65.3 1
11.2 27.2 14.3 32.3 13.8 31.2 9 25 3.9 18.1 -0.5 9.3 -5.3 3.2 -5.8 2.4 -2.5 6.8 -0.1 11.6 2.6 16.3 6.6 21.7 8.9 20.6 19 37.6 27.2 36.8 27.4 32.8 1
8.3 25.9 12.2 30.9 11 29.8 5.3 23.2 0.1 15.8 -5.7 6.8 -10.2 1.1 -11.1 0.4 -8.9 2.8 -5.7 7.3 -1.4 13.4 3.3 19.2 17 37.1 19.6 24.6 14 16.8 24.1 54.1 1
8.6 24.1 11.9 27.7 11.1 26.6 6.1 21.3 0.3 14.6 -5.5 6.9 -8.8 3.4 -9.6 2.8 -8.2 4.7 -5.6 8 -1.8 12.4 3.5 18 46.2 57.4 16.3 36.3 11.2 11.7 26.7 63 1
10.6 26.1 13.9 29.1 12.9 27.4 8.4 23.1 2.4 17.5 -3.9 10.4 -8.1 5.7 -8.8 5.2 -7.1 7 -4.1 10 0.6 15.4 5.6 20.4 57.2 76.7 11.9 33.8 7.4 11.7 23.9 54.6 1
11.3 27.4 14.8 31.2 13.8 29.9 8.7 24.9 2.4 19.1 -3.7 11.4 -8.1 6.9 -8.8 6.2 -6.6 8.1 -3.4 11.2 1.4 16.6 6.4 21.6 38.4 48.5 22.1 31.5 12.7 16.3 32.5 61 1
15.8 33.7 18.4 37 17.7 35.9 14.9 32.3 10.4 26.5 5.8 18.2 2.8 12.1 3 12.3 4.7 16.5 6.3 19.2 8.5 23.9 12.1 29 0.3 2 6.1 34.8 36.1 49.8 7.6 48 1
12.9 28.6 16.3 32.1 15.1 30.7 10 25.6 3.1 19.2 -3.5 10.9 -8.3 5.6 -9.3 5.3 -7.2 7.4 -3.7 11.5 1.8 17.6 7.6 22.4 45.7 81 17.5 39.9 9.9 10.4 30 88.6 1
13.9 30.9 17.7 34.2 16.8 32.5 11.6 27.3 5.3 19.8 -1.4 10.8 -7.4 3.7 -9.7 1.9 -4.7 7.4 -0.4 13.1 3.6 18.8 8.8 24.4 12.7 20.6 18 24.9 12.2 15.5 19 22.9 1
9.2 23.7 11.8 28.5 11.2 27.6 6.4 20.9 2.1 15.2 -4.3 6.4 -9.7 0.6 -11.3 -0.8 -8.2 3.1 -5.1 6.5 -0.1 12.9 4.9 18.4 31.5 60.7 16.8 31.5 14.5 23.1 27.9 64 1
9.1 24.3 11.9 29.4 10.9 28.4 5 21 -0.2 14.7 -6.3 5.8 -11.6 -0.4 -12.4 -1.3 -8.9 2.7 -5.4 7.1 -0.8 13.4 4.2 18.6 27.9 47.5 12.2 29.2 10.4 16 18.5 45.2 1
17.9 32.2 20 33.3 19 32 15.2 28.3 8.9 23.7 2.5 17.3 -2.7 12.3 -4.1 11.6 -1.9 14.2 2.4 18.9 8.2 24.1 13.2 28.4 60.2 69.8 19 66 9.9 17.3 22.6 59.7 1
11.6 26.4 14.4 31 14.3 30.1 9.9 24.6 5 17.6 1.2 9.4 -2.3 4.7 -2.7 4.3 -0.2 8.3 1.9 12.3 4.1 16.3 7.7 21.1 8.9 16.3 15 40.1 29 41.4 25.1 29.5 1
8.5 25.6 11.7 31.2 10.5 30.2 6 23.9 0.8 16.9 -3.3 7.3 -9 0.9 -9.8 0.1 -6.8 3.6 -3.4 8.2 0.2 14.2 4.2 19.7 16.5 25.9 21.6 29.5 23.4 28.2 30.5 34.3 1
12.3 30.9 16.2 33.9 15 32.1 10.1 27.4 2.6 21.4 -4.3 13.8 -9.2 8.2 -9.9 7.4 -6.9 10.4 -3.3 14 2.1 19.9 7.6 24.7 31.8 53.1 10.9 22.9 7.9 10.7 19.8 31.8 1
10.9 25.4 14.6 30.1 13.4 29.5 7.5 23.6 1.6 16.9 -5.1 8.2 -10.7 2 -11.8 1 -9.3 3.4 -5.4 7.7 0.1 14.4 5.7 20.1 42.4 77.7 14.2 31.2 9.9 13.2 26.2 68.1 1
8.3 28.4 10.7 33.3 9.8 32 5.2 26.4 0.5 20.3 -2.9 12.1 -6.7 7.5 -6.3 7.3 -4.3 10.9 -1.6 13.5 0.7 17.6 4.5 22.7 7.1 11.7 9.7 22.1 25.1 27.2 9.7 18 1
13 28.2 17.6 33.4 16.6 31.9 10.6 26.2 4.6 18.9 -0.6 10.4 -5.8 3.2 -7.1 2.4 -4.1 6.4 -0.3 11.2 3.3 16.3 7.6 22.2 20.6 23.6 32.5 36.6 28.2 35.6 45.7 53.8 1
19.1 33.7 20.6 35.7 20.2 35.2 17.8 30.4 12 26 5.9 20.1 0.6 15 -0.8 13.8 1.5 16.7 6.4 22.6 11.5 27.3 16.2 30.8 26.9 59.2 27.4 86.6 20.1 27.2 23.1 76.2 1
9.6 26.6 11.7 30.4 11.3 29.8 7 24.9 1.8 18 -1.7 9.1 -5.5 3.1 -5.7 3.1 -3.1 8 -0.7 12.9 1.9 17.3 5.7 22 4.1 13.5 10.2 26.2 18.8 35.8 11.4 17 1
15.2 29.9 18.3 33.8 17.8 32.9 13.9 27.5 9.2 21.1 4.3 14.4 1.4 10.8 0.1 9.8 1.2 12 2.9 15.1 5.7 18.3 10 23.5 9.8 19.6 27.5 30.4 26.8 36.2 27 33.9 1
16.9 27.7 19.4 30.5 20.1 31.6 17.7 29 14 25.2 9.5 20.6 6.7 17.7 5.1 16.6 6.5 17.7 8.1 19.7 10 21.5 13.2 23.9 1.8 3.8 13.2 55.5 43.6 45.2 27.2 35 1
23.4 28.6 23.9 29.5 24.7 30.5 24.6 30.7 24.3 30.2 23.3 28.8 20.3 25.7 18.7 23.9 18.8 23.9 20.2 25.4 22 26.8 23.3 28.4 20 36 13 117 0 0 3 28 1
18.6 31 18.9 30.8 18.1 30.1 17.2 30.1 13.4 28.3 8.5 26.1 5 23.7 4.6 23.4 7.5 26.5 12.6 30.1 16.6 31.5 18 31.5 87.5 115.5 7.9 52.1 1.2 2.4 8.5 78.5 1
18.8 32.3 19.4 32.5 19.3 31.5 17.4 30.2 13.4 27.8 8.3 25.4 4.6 22.5 4.6 25.7 7.6 25.7 12.5 29.6 16.2 31 17.9 31.5 88.6 113.6 10.7 66.1 0.4 4.5 18.7 80.2 1
18.9 33.3 19.3 32.4 18.7 31.9 17 31.1 13.2 29.3 8.2 26.9 4.5 24.1 4.1 24 7 27.2 11.8 31.2 15.9 33.2 17.8 33.6 70.7 104 4.9 66.4 0 0.6 4.5 39.8 1
19.7 31.4 19.6 30.8 19.2 30.6 18.8 31.1 16.2 30.5 12.5 28.6 9.9 26.2 9.5 26.2 12.2 29.4 16.1 33 19.3 34.5 20.3 33.1 127.3 134.1 2.2 70.1 0 0.5 1.5 62.7 1
19.9 32.9 19.8 32.2 19.6 32.1 18.7 31.9 15.9 30.7 11 28.4 7.7 25.7 7.5 25.6 10.3 28.8 15.3 32.8 19.1 34.5 19.8 34 78.8 109.4 4.9 67 0.1 0.7 3 47 1
18.8 31.8 19.4 32.2 18.9 31.3 17.4 30.3 13.6 27.9 8 25.2 4.6 22.5 4 22.6 7.3 25.6 12 29.3 16.1 31.4 17.7 31.6 78.7 102.2 16.8 63.7 0.3 6.9 7.4 69.6 1
24.1 34.8 22.7 32.2 22 30.9 21.9 32.5 22.2 36.1 20.2 36.5 17.9 33.8 17.7 33.4 20.4 36.1 24.1 38.4 26.7 39.7 26.1 38.1 93.7 218.1 1.5 122 0.1 1.8 5 75.9 1
26.7 39.1 24.7 35.9 23.8 34.4 24.3 36.5 23.8 39.2 18.1 37.1 15.1 33.3 14.6 32.4 17 35.7 21.5 39.2 25.5 42.1 28 41.7 57.4 160.4 0 68.5 0 0.1 2.7 19.8 1
23.6 34.2 22.4 31.6 21.9 30.5 21.8 31.9 21.7 35.5 18.7 36.2 17.3 33.9 17.2 33.5 19.9 36.4 23.8 38.8 26.1 39.6 25.6 37.3 111 205 0.5 134.5 0 1.4 10.8 85.8 1
24.1 34.7 22.8 32.1 22.2 31.1 22.4 32.5 23 35.6 19.6 35.9 16.9 33.4 16.5 32.9 19.1 35.8 23.5 38.3 26.4 39.3 26.1 37.7 97.5 214.2 1.2 121.2 0.1 0.5 5.9 66.8 1
25.5 37 23.6 33.8 22.9 32.4 23.1 33.9 23.4 37.2 20.1 36.2 17.4 32.9 16.8 32.2 19.2 35.3 23.2 38.3 26.5 40.5 27.3 39.8 78.7 183.4 1.1 103.8 0 0.1 1.4 33.4 1
24.5 35 22.7 31.9 21.7 29.6 21.9 32 21.8 34.4 19.7 33.6 17.8 31.2 17.6 33.1 20.6 35.6 24.5 39 26.8 38.7 26.4 38.6 88.8 241.3 0.9 103.1 0 0 2 34.2 1
24.7 32.1 23.4 29 22.4 27.2 22.7 28.8 21.8 30.4 17.8 30.3 14.8 27.6 14 27.8 16.6 30 21 33.3 24.7 35 25.8 34.5 51 174.4 0.1 84.3 0 0 0.3 25.8 1
11.2 25.1 11.4 21.8 11.4 21.6 8.7 23.2 8.8 21.8 7.5 21.6 6.2 21.7 5.6 22.6 6.7 23.9 8.5 25.1 9.9 24.5 10.9 25.2 41.6 173.7 12.1 25.4 2.1 3.7 12.2 41.9 1
19.9 32 20.6 31.6 21.2 31.9 19.8 30.7 17.1 27.6 13.3 22.8 10.3 18.4 8.7 16.6 8.9 17.8 10.3 20.3 13.4 24.9 16.6 28.8 0 0.4 3.3 33.2 41.4 66.8 3.3 27.8 1
20.1 30.4 21.7 31.7 22.7 32.6 21.4 31 18 27.7 13.4 23.3 9.9 19.3 8.9 17.9 9.5 19.1 11.2 20.7 13.7 23.7 16.7 27.1 0.1 1.3 16.7 58.2 32.2 67.5 4.6 29.6 1
22.1 31.3 22.9 32.2 22.9 32.3 21.9 32 19.9 30.6 16.9 28.6 14.8 26.9 14.4 26.8 14.8 27.7 16.2 28.5 18.5 29.3 20.3 30.3 88.7 97 15.8 35.9 5.6 14.9 7.8 21.7 1
26.6 38.2 24.2 33.6 23.3 32 23.2 33.1 23 36.1 20 36.7 17.2 33.5 16.9 33.6 19.3 36.6 22.2 39.4 25.5 41.7 28.4 41.9 82.6 215.9 2.7 140.9 0 1.1 0.1 12 1
25.7 38.3 23.9 34.6 23.3 32.6 23.7 33.3 23.4 35.5 19.5 35 16 31.6 15.1 31.7 17.6 34.9 21.2 37.7 24.7 40.2 26.5 40.5 55.8 165.6 0.3 88.7 0 0.8 0.8 23.4 1
24.8 36.4 23 32.9 22.5 31.2 22.4 32.2 22.2 35.5 19.5 35.7 16.9 32.6 16.5 32.5 19 35.6 22.1 38 25.2 39.7 26.4 39.5 81.2 219.9 1.7 122.1 0.1 1.2 2.6 34.6 1
23.6 34.5 23.4 33.5 23.2 33.2 22.8 33.3 21.4 32.7 18.3 31 16 28.6 15.6 29 17.3 30.5 20.2 33.6 22.6 35.8 23.8 36.2 139.4 166.7 5.8 95.5 1.8 3.5 0.8 45.6 1
25.7 37.2 24.1 34 23.2 33 23.6 34.4 24.2 37.8 19.5 36.2 16.7 33.3 16.1 32.5 19 35.7 22.9 39.1 26.5 40.9 27.7 40.2 68.8 170.8 0.7 92.2 0 0 3.9 34.7 1
23.2 28.5 24.8 26.8 25 29.9 25 30.6 24.9 30.9 22.9 29.9 20.6 27.6 18.3 25.9 18 25.3 18.1 24.9 18.9 24.8 20.3 25.8 10.3 235.4 0 30.1 0 0 0 0 1
18.8 25.5 20.6 28.5 21.2 28.9 21 27.8 19.8 26 17.9 23.6 15.9 21.6 15.1 20.8 15 21 15.5 21.8 16 22.2 17.3 23.7 0 1.2 8.7 38.4 34.3 51.8 3.8 24.2 1
22.3 33.2 21.7 31.4 21.6 31 21.9 32.3 21.9 34 20 35.6 18.7 35.2 18.7 34.9 20.3 36.8 22.9 38.9 24.3 39.1 23.5 36 107.8 170.2 3.6 117.8 0 0.4 6.7 97.4 1
18.8 30.4 18.6 29.4 18.6 29.4 18.3 29 17.9 28.7 16.5 28 14.4 27.1 13.6 26.5 14.2 27.3 15.3 29 16.9 30.5 18.3 30.1 123.28 144.5 5.3 113.9 0.01 0.1 0.01 26.25 1
21.2 33.1 21.9 33.5 21.5 32.8 20.1 32 17 30.4 11.9 28.2 8.2 25.4 7.9 25.4 10.7 27.6 15.2 30.2 18.6 31.8 20.3 31.8 53.7 56.8 10 34.1 0.4 3.1 14.9 48.7 1
16.3 27.7 16.5 27.7 16.2 27.2 15.3 27.1 13 25.9 9.9 24.1 7.4 21.6 7.2 21.5 9.1 24.4 12.4 27.9 15 29.4 16 28.7 104.6 120.3 7 51.4 1 2.2 7 91.1 1
22.1 31.3 21.8 31 21.4 30.8 20.7 31.2 18.5 30.5 14.3 28.5 11.2 26.3 11.1 26.3 13.9 28.9 19.1 32.9 23.2 35.1 23.4 33.9 157.7 191.6 4.2 112.5 0.1 1 0.6 74.4 1
16.9 28.3 16.9 28.4 16.5 28.2 15 28.3 12.8 27.6 8.7 25.5 8.7 25.5 5.9 23.3 7.8 26 11.7 29.5 15.2 31.1 16.5 29.5 119.1 158.7 5.3 62.6 0.4 2 5.4 85.4 1
16.6 28 16.9 28.1 16.5 27.5 15.7 27.4 13.6 26.2 10.8 24.1 8.4 21.7 8.3 21.6 10.5 24.5 13.8 28.2 15.9 29.7 16.7 29 114 120.2 6.8 70 0.7 2.7 8.8 90.7 1
18.1 30.2 18.2 29.7 17.9 29.4 17 29.7 13.9 29.2 9.5 27.4 6 25 5.6 24.8 8.2 27.8 12.8 31.8 17 33.4 18.2 32.4 126.3 173.5 2.9 69.8 0 0.6 1.9 63.6 1
25.9 37.1 25.6 36.5 25.3 35.6 24.5 35.3 23.1 34.9 18.9 31.9 16.2 29.5 15.8 29.7 17.5 32 22.4 36.4 25.3 38.3 26.2 38.6 137.2 186.8 6.2 139.4 0 2.2 3.3 60.1 1
24.9 34.4 24.6 34.2 24.9 33.8 23.4 33.5 20.9 33.6 15.1 32.1 12.9 30.4 12.4 30.4 14 32.2 18 35 22.1 36.2 23.8 37.2 117.6 193.4 11.5 163.1 1 8.7 2.7 43.6 1
19.5 35.4 20.9 36.4 20.5 35.3 17.6 32.4 12.9 27.4 8.8 22.2 5.9 18.5 4.7 17.9 6.2 20.5 9.3 24.5 13.3 28.9 16.8 32.6 32.2 42.2 27.5 34.8 20 27.3 19.9 29.1 1
26.4 33.8 26.2 33.3 25.9 32.9 25.4 33.9 22.5 34.2 18.2 31.5 15.3 29.1 13.7 28.8 15 30.3 18.4 31.8 22.2 32.8 25 33.5 50.1 176.4 27.9 98 1.6 19 1.4 8.3 1
14 27.1 15 28.5 15.1 28.2 13.1 26.6 10.6 24.1 8.5 20.8 6.4 18.1 5.7 17.3 6.2 18.5 7.8 21.3 9.8 23.6 12.1 25.8 11.9 20.7 15.8 34.5 35.3 40.7 20.3 28.3 1
20.2 34.7 21.6 34.9 21.3 33.7 18.7 31.9 13.7 27.9 9 23.1 5.5 19.8 4.2 19.4 5.8 21.7 9.7 25.8 14.3 29.5 17.7 32.6 53.1 71.4 32.7 58.7 20.3 26.1 22.5 45.8 1
21.8 33.5 22.3 33.7 22.3 32.6 20.9 32.1 18.7 30.2 15.5 27.4 12.9 25.1 11.6 25.1 12.6 26.6 15.5 30.3 18.6 32.4 20.8 33.4 87.2 136.9 24 103.5 13 26.5 14.8 41.4 1
20.8 34.8 21.5 34.3 21 33 19.4 31.9 15.7 29.4 11.4 26 8 23 6.7 23 8.2 25.2 12 28.7 16.2 31.8 19 33.9 92.2 118.1 35.9 76.7 19.5 34.2 19.9 57.6 1
18.6 32.4 20.2 33.6 20 33.2 17 29.9 12.7 24.9 9.1 19.9 6.1 16.4 4.9 15.6 6.2 17.7 9 21.6 12.5 25.7 15.6 29.1 37.1 48.7 29.1 37.3 24.3 30.5 25 38.2 1
15.9 32.8 18 35.1 18.5 34.6 16.8 31.7 13.7 27.1 10.3 21.8 7.8 18.4 6.7 17.2 6.9 18.3 8 21.3 10.1 25.4 13.4 29.4 15.7 16.7 20.2 52.4 45.4 55.4 13.8 25.7 1
14.1 30.4 15.7 32.5 15.7 32.1 13.3 28.8 9.5 23.5 6.6 18.6 4.5 15.1 3.4 14.4 4.4 16.4 6.3 19.6 8.8 23.5 11.8 27.5 27.2 28.7 31.2 39.5 35.2 40.5 29.3 40 1
26.3 37 25.6 34.9 25.3 34 24.9 35.1 22.7 35.4 19 32.4 15.9 30.4 15.2 30.5 16.8 32.7 19.8 35.1 23.2 36.9 25.4 37.8 56.3 195.1 20.2 112.3 0.7 8 1.2 10.4 1
13.5 28.9 15.1 30.8 15.2 30.5 12.9 27.2 9.4 22.2 6.7 17.5 4.7 14.2 3.9 13.4 4.8 15.2 6.4 18.2 8.7 22 11.2 25.9 26.4 28.4 31.4 41.8 41.1 42.9 31.7 43.4 1
21.2 34 22.1 34.6 22 33 20.4 33.1 16.9 29.7 13.2 26 9.9 23.7 8.9 23.4 10 25.2 13.5 28.9 17.2 31.1 19.5 32.9 91 103.4 35.2 69.3 20.7 33.9 23.5 58.8 1
15 24.6 16.6 25.7 16.9 25.6 15.9 25 13.3 23.5 10.5 20.9 8.2 18.7 7.1 17.9 7.5 19 9.1 21.2 11.1 22.8 13.2 23.8 14 18.5 22 31.6 24.8 29.8 17.9 21.4 1
25.9 39 25.3 37.8 24.6 35.9 23.9 36.3 21 36.4 15.6 33.1 12.5 30.2 12.1 30.8 14 33.3 18.8 37.1 23 40 25.8 40.7 110.5 212.4 5.3 130.4 0.4 11.7 0.2 27.8 1
15.1 30.8 16.4 32.7 17.1 31.9 14.5 28.5 9.9 23.4 7.4 19 3.9 15 3 14.2 3.9 16.4 5.8 19.6 8.8 23.3 12.6 27.6 26.4 36.5 31.5 40.4 34.4 38.7 31.3 41.2 1
24.7 37.9 24.2 36.8 23.6 35.7 22.7 35.5 20.4 33.7 16.7 29.9 13.7 27.3 12.5 27.1 14.8 29.9 18.8 33.9 22.7 37 24.5 38.3 78 149.8 12.7 77.6 2.1 6.1 4.3 36.1 1
16.3 33.1 17.7 33.8 17.9 34.1 15 30.6 10.5 25.7 7.3 20.2 4 16.9 3.4 16.1 5 18.3 7 21.9 10.8 26.1 13.5 30 19.2 46 28.2 36.7 21.8 28.2 20.9 30.5 1
17.4 31 19.6 33.2 20.6 34.2 19 32.2 16.3 29.3 13.3 25.5 11 22.4 9.7 21.3 9.8 21.9 10.7 23.6 12.4 26 14.7 27.7 2.5 8.2 14.3 57 53.5 85.2 7.1 23.7 1
16.5 31.9 18.2 33.7 17.7 32 16 29.5 12.5 25.1 8.5 20.5 6.1 17.4 4.9 16.6 5.4 18.4 7.9 22.2 10.9 25.6 13.9 28.8 15.5 30.5 22.4 28.2 21.8 30.6 14.4 17.9 1
12.9 30.8 14.3 32.9 14.3 32.3 12.3 29.9 9.3 25.2 7.3 21 5.3 17.8 4.7 17.1 5 18.5 6.3 21.7 8.2 25.1 10.7 28.4 14.3 20.3 13.1 33.4 39.2 40.8 22.2 32.7 1
13.5 29.7 14.9 31.5 15.1 30.6 14.1 27.9 11.5 23.8 8.5 19.5 6.8 16.4 5.7 15.3 5.6 16.4 6.7 19.1 8.6 22.7 11.3 26.4 14.4 18.7 23 45 41.1 52.7 17.9 30.6 1
21.9 37.4 23 37.1 22.6 35.6 20.3 34.5 16.3 31.2 12 26.8 8 23.7 6.9 23.4 8.4 25.8 12.2 30 16.8 33.6 19.8 36 55.7 80 29.5 61 12.2 20.4 8.9 29.1 1
15.8 31.9 17.7 33.7 17.8 32.8 16 29.9 12.8 25.2 8.9 20.3 6.8 17.1 5.6 16.1 5.4 17 6.8 20.4 9.4 24.5 12.9 28.1 13.2 15.6 21.1 41.6 39.2 51.6 14.2 25.6 1
14.7 30 16.6 32 16.4 31.5 13.8 28.2 10.1 23.4 7.5 18.9 5.2 15.9 4.3 15.3 5.3 17.1 7.4 20.2 9.8 23.7 12.3 27.2 21.5 21.8 18.8 26.9 23.2 27.3 29 31.4 1
20.9 33.4 21.8 34 21.7 33 20.1 32.1 17.6 29.2 14.4 26.1 10.9 23.5 9.8 23.5 11 25.1 13.9 29.2 17.5 32 19.6 32.9 89 98.6 39.3 54.9 18.9 25.4 8.5 74 1
16.6 34.4 18.9 36.7 19.5 36.1 17.4 32.9 13.7 28.1 9.8 22.8 7.4 19.2 6.1 18.1 6.4 19.4 7.7 23 10.2 26.6 13.7 30.7 8.6 18.1 22.5 46.6 39.3 60.4 11 21.8 1
23 36.9 23.9 36.5 23.5 35.1 21.8 34.1 18.6 31.6 14.1 27.7 10.2 24.8 8.7 24.6 10.4 27.2 14.3 30.9 18.6 34.3 21.4 36.2 71 102.1 14.2 68.8 3.7 7.2 8 36.7 1
13.2 27.2 14.5 28.8 14.7 29.3 13 26.4 10.3 23.2 8 19.5 6 16.6 5.4 16.1 5.9 17.2 7.2 19.6 9 22.5 11.2 25.1 16.4 22.5 20.3 35.2 35.3 37.1 25.2 36.5 1
14.3 25.5 15.7 27.9 16 28.1 14.3 25.3 11.6 22 9.5 18.4 7.6 15.9 6.9 14.9 7.6 15.8 8.8 18 10.6 20.8 12.5 23.5 17.8 24 21.8 56.1 50.9 62.2 25.1 47.9 1
14.2 30.7 15.9 32.5 16 31.3 14.6 28.7 12 24.8 8.9 20.4 6.2 17.6 5.1 16.9 5.7 18.7 7.8 21.9 9.7 25.1 12.5 27.9 25.2 28.6 24.9 33.5 24.9 30.6 17.3 27.1 1
16.2 30 17.4 31.9 17.8 31.8 16 29.4 13 24.7 10.6 20.3 8.4 17.1 7.6 16.4 8.2 18 9.7 21.2 11.9 24.4 14.2 27.5 18.1 21.8 17.8 38.6 34.1 41 23.7 36.2 1
12.7 27.4 13.9 29.2 14.5 28.5 13.5 26.5 11.7 23.7 9.6 19.9 7.8 17.1 6.7 16.2 6.6 17.1 7.5 19.5 8.9 22.3 10.9 24.6 21.9 25.3 30.9 45.5 44.5 47.3 29.5 41.8 1
15.2 30.4 16.7 32.5 16.7 32.2 14.2 28.8 10.8 24.1 8.2 19.6 5.9 16.8 5.1 16.2 6 18 8.2 20.9 10.7 24.4 13.2 27.8 15.9 19.4 14.2 24.8 23.1 25.3 21 28.3 1
13.9 29.8 15.4 31.4 15.5 31.2 13.2 27.9 9.8 22.8 7 18.4 4.9 14.9 4.1 14.4 5 16.3 6.7 19.3 9 22.9 11.6 26.8 21.7 24.6 23.4 34.8 32.5 35.9 25.8 35.3 1
24.9 37.2 25.1 36.9 24.6 35.7 23.1 34.3 20.2 31.4 16.3 27.5 13 24.6 12.3 24.5 14.5 27.6 18.2 31.4 21.6 34.5 23.7 36.3 72.8 122 8.4 60.3 1.5 5.3 8.1 37.9 1
22.1 37.8 23.1 38.1 22.3 35.5 20.7 33.8 17.4 31.5 12.8 27.6 8.2 23.3 7 22.8 8.5 25.5 11.5 28.9 15.7 33.2 18.9 35.6 35.6 99.6 23 60.7 10.2 28 2.7 8.6 1
16.8 27.3 18.5 29.2 18.8 29.1 16.9 26.8 13.7 23.9 10.5 20.3 8.2 17.6 7.2 16.9 7.9 18.4 9.9 20.8 12.4 23.5 14.9 25.8 19.3 23 17.5 27 22.4 27.1 23.2 27 1
22.6 38.1 23.4 37.5 22.8 36.1 21 35 17 32 12.8 27.6 9.2 24.6 8.1 24.4 9.3 26.8 13.1 30.9 17.6 34.6 20.7 37 51 87.7 21.1 54.3 6.2 17.6 9 31.3 1
13.7 30.7 15.7 32.7 15.3 32.5 12.2 29.4 9.6 24.8 8.4 20.8 7 17.6 6.4 17.1 6 18.7 7.7 22.2 8.5 24.6 11.7 28.8 8.9 12.3 8.7 18.9 31.8 38.3 17.5 26.8 1
27.1 38 26.4 37 25.9 36 25.6 36.2 23.9 36 20.8 33.7 17.9 31.2 17 31.2 19 33.6 22.9 36.8 26 39 27.4 39.6 154.2 187.8 5.1 158.3 0 2.3 2.3 56.8 1
20.8 36 22.6 38.7 22.3 37 19.3 34.3 13.9 29.1 10 24.8 5.7 20.4 4.8 20.2 6.1 23.4 10.6 28.9 14.6 31.4 18 34.8 26.2 38.4 19.5 48.2 10 19.5 13.7 26.9 1
14 29 17 33 17 32 12 28 7 21 1 12 -4 4 -8 1 -6 4 0 11 6 19 10 24 8 21 8 27 22 25 30 44 1
19.7 27.3 22.2 30.6 22.9 29.7 19.4 25.6 13.6 19.6 8.8 13.5 4.8 9.7 2.1 6.6 2 6.3 4.2 9.8 9.4 16.4 14.9 22.1 2 8 15 30 20 26 18 21 1
16.3 27.9 19.5 31.7 18.3 29.9 15.2 26 9.2 19.3 4.5 12.6 0 8.3 -2.3 6.5 -1.2 6.8 2.2 11.9 7.7 19.2 12.2 23.4 18 46 14 32 10 18 30 42 1
19 29.9 21.6 32.2 21.6 32.4 19.2 30.6 16.2 27.5 12 22.3 8.8 18.3 7.2 16.4 7 16.8 8.2 18.7 11.4 22.4 15.2 26.1 0 1.7 1.7 42 58 86 9.5 39 1
18.8 33.9 21.8 36.9 21.6 36.7 18.5 33.6 15 28.3 10.2 21.8 6.8 17.1 5.2 15.3 5 15.9 6.4 18.6 10.1 24.3 14.5 29.5 1 7 6 31 47 58 22 37 1
16.6 30.8 18.5 32 18.6 32.4 16.6 30.7 13.8 27.1 9.3 20.4 5.2 14.4 3.6 12.3 4.2 13.7 6.1 17.2 9.5 22.6 13.5 27.8 0 0 0.3 28 49.2 63.4 3.3 43.1 1
16.9 28.9 19.1 31.5 17.2 30 11.8 24 4.8 15 0.2 7.3 -4.4 1.4 -8.7 -1.7 -8.6 -0.5 -2.6 6.5 5.6 17.5 12.3 24.6 15 21 17 23 10 15 16 25 1
10.8 24.7 13.2 26.3 10.3 23.5 4 17 -3.3 7.2 -13 -3.1 -21.1 -10.9 -24.1 -13 -23.1 -10.5 -12.1 0.3 -3.4 10.8 3.9 18.9 54 66 8 35 5 9 3 26 1
10.7 25.4 13.2 26.6 10.7 24.3 3.8 17.8 -5.6 7.4 -19.7 -9.9 -31.1 -22.3 -35 -25.2 -32 -19.2 -19.2 -5 -2.9 10.7 4.4 19.9 44 47 8 22 4 12 3 14 1
18.3 25.7 21.4 28.5 20.5 27.6 16.5 23.3 10.3 16.6 5.6 11 1 6.1 -2.1 3.2 -1.4 3.5 1.7 7.2 7.3 14.1 13.3 20.7 23 25 27 44 24 31 19 24 1
9.4 24 13.3 25.7 11.1 23.2 3.7 16.2 -4.9 6.2 -15.6 -5.8 -23.9 -14.7 -28.6 -18.3 -26.1 -12.9 -15.1 -1.2 -4.6 8.7 2.5 18 40 72 8 27 3 12 2 13 1
14.6 27.4 17.3 30.8 18.2 31 15.9 27.7 12.2 23.2 7.6 18.8 5.2 16.1 3.5 15.1 3.8 15.5 4.5 17.1 6.5 19.2 10.5 23.3 7 16 48 68 32 46 27 34 1
18.8 25.5 20.6 28.5 21.2 28.9 21 27.8 19.8 26 17.9 23.6 15.9 21.6 15.1 20.8 15 21 15.5 21.8 16 22.2 17.3 23.7 0 1.2 8.7 38.4 34.3 51.8 3.8 24.2 1
17.9 26.2 20.8 29.1 21.4 29.6 18.6 27.6 14.5 23.6 10.4 19.5 8.1 16.8 7 16.1 7.9 17.2 9 18.7 10.8 20.2 14.1 22.8 9 23 51 74 32 52 34 37 1
14.8 27.7 17.6 31.5 17.8 31 14.7 26.7 10.3 20.7 5.8 14.3 3.5 10.7 2.4 10.3 3.5 13.3 5.2 16.6 7.4 18.7 11.2 23.2 17 31 27 30 20 23 20 44 1
18.1 33.6 20.9 36.2 20.9 36.1 17.3 33.2 12.4 27 6.4 16.8 3.3 11.9 1.7 10.3 2.4 12.6 5 16.9 8.9 22.6 13.5 28.7 0.1 2.3 2.2 35.2 52 60.3 17.9 46.1 1
15.8 31.3 18.3 32.6 18.6 32.6 16.5 31.3 12.8 27.8 7.8 21 4.6 15.2 3.2 13.3 4 14.7 6 18 9.3 23.6 12.5 28.5 0 1 0.4 22.9 45.9 60.9 3.4 42.3 1
12.4 26.5 15.5 30 15.2 30 10.6 25.8 5.7 20 0.7 13 -2.5 6 -4.3 4.6 -3.5 6.8 -0.5 11.5 4.2 17.4 8.5 22.2 4.8 23.4 11 31.2 28.2 40.4 27 42.2 1
12.4 30.2 15.3 32.1 14.3 32 9.4 28.5 3.9 22.4 -1.2 15 -4.7 8.3 -7.1 4.5 -5.7 5.5 0.7 12.5 6 19.2 8.8 24.4 1 6.2 1.7 18.6 21.6 60.1 23.4 71.9 1
12.6 27 15.8 28.2 14.3 26.1 7.7 20.8 0.8 14.1 -7.5 4.1 -15.5 -4 -17.9 -5.4 -14.3 -1.3 -6.1 6.6 1.2 15.8 7.8 23.1 43 128 6 46 1 5 9 25 1
13.6 27.1 16.2 29 15.4 27.9 10.9 22 4.7 16.6 -2.6 8.9 -9.4 2.3 -11.3 1.5 -7.2 5.4 -0.4 12.1 5.5 19.2 10.4 23.9 37 76 5 46 1 2 9 38 1
19.3 32 22.1 31.7 21.1 30.1 15.2 26.4 8.5 20.5 1.2 12 -5 5.2 -7.5 3.5 -5 5.7 1.4 13.3 8.6 21.1 14.4 27.5 49 156 16 54 3 9 12 36 1
14.7 28.6 18.1 29.2 16.9 27.8 10.5 23.1 4 17.6 -2.9 9.2 -10 2.5 -12.2 1.5 -8.8 4.6 -2.5 11.3 4.6 19.2 10.3 25.4 55 120 12 64 3 6 11 35 1
16.8 28.8 19.1 31.2 17.7 30 11.8 23.7 3.4 13.6 -6 2 -14.4 -6.1 -17.9 -8.4 -15.9 -6.2 -4.9 3.7 5.2 16.7 12 24.3 16 36 17 24 8 10 18 28 1
9.2 22.6 11.5 24.4 11 23.9 7.5 18.5 1.7 13.9 -5.8 7.1 -12.2 2.2 -14.1 1.1 -10.7 3.6 -4 9.5 1.7 15.8 6.3 19.8 54 81 4 54 1 2 6 46 1
28.9 40.7 26.8 35.3 25.7 33.2 24.3 34 19.1 34 12.5 29.2 8.2 23.9 7.7 22.3 10.3 25.5 15.4 31.9 21.5 37.9 26.5 41.7 55.7 241.1 4.3 128.5 6 17.7 6.7 11.9 1
27.2 38.5 25.8 33.5 24.9 32 24.4 33.5 21.9 35.9 17.5 33.2 14.1 29.9 13.1 28.7 14.8 31.1 19.4 35.9 23.6 39.5 26.4 41.4 100.2 306.8 5.8 125.7 1.2 2 1.1 9.1 1
27.5 38.4 25.7 33.7 24.4 31.3 23.8 32.7 19 33.6 12.5 29.3 8.6 24.8 7.8 23 10.5 25.8 16.3 31.4 22.4 36.6 26.9 39.7 62.7 178.8 3.7 72 3.7 6.8 4.2 16.4 1
25.5 37.6 23.5 32.4 23 30.6 22.5 32.5 19.7 34.1 15.6 31.7 12.4 29.5 13.1 29.9 15.4 32.8 19.7 37.3 24.2 40.9 27.3 42.5 144.9 217.2 18.7 122.7 7.9 12.1 4.1 10 1
24.8 25.2 35.2 25.5 39.6 34.3 22.6 8.7 32.2 15.7 34.3 27 4.3 6.4 19 3.8 21.2 21.9 11 21.3 34.1 16.3 27 38.9 56.1 222.1 6 94.6 14.2 30.9 17.9 34.7 1
23 21.1 30.3 21.8 34.7 29.1 20.7 13.8 31.8 18 30.3 30.1 10.9 13.3 29.1 11.2 28.6 31.8 17.8 24.1 38.6 22.1 35.6 39.5 133.6 161 24.8 149.7 2.7 10.6 4.4 24.2 1
21.7 20.8 28.6 21.2 31 28.7 20.5 18.3 30.6 20.5 29.8 29.8 16.2 18.4 30.1 16.5 29 32.9 21 22.4 37.2 22.4 35.9 36.3 72.4 85.2 34.1 123.1 1.7 8.1 6.3 76.9 1
23.7 22 31.8 22.4 35.4 31.3 22.1 17.8 32.3 20.9 31.6 30.8 15.2 18.2 30.8 16 29.8 33.7 21.8 25.9 39.6 24.9 37.3 40.3 105.7 141.2 25.3 187.9 4.8 5.3 7.7 35.3 1
27.8 26.3 37.2 27.3 41.1 35.6 24 11.1 34.4 18 35.8 29.2 6.7 8.7 21.2 5.9 23.4 24.6 14 24.8 37 19.8 30.6 41.1 43.1 134.1 3.2 73.9 9.9 16.3 9.5 19.3 1
27.5 24.5 34.3 25.8 39.4 32.4 23.2 13.5 33.6 19.1 33.7 29.3 9.2 10.9 22.5 8.1 24.5 25.6 16.2 25.8 37.1 21.7 31.5 40.4 59.6 202.7 3.6 67.6 3.2 9.6 4.9 17.5 1
25.9 25 34.2 25.5 38.7 32.8 23.2 11.8 31.7 17.6 32.8 27.2 7.9 9.3 19.8 7 22 22.8 13.5 23.5 35.3 19.1 28.1 38.9 53.5 209.5 4.4 95.8 9.5 27.3 6.9 19.5 1
29.2 25.5 34.2 26.6 40 32.1 25.1 16.4 34.4 21.9 33.9 30.1 12.1 13.8 23.6 10.9 25.3 27 19.3 29.5 38.9 25.2 33.1 42.2 68.7 258.5 6.8 97.9 3.3 6.5 4 10.9 1
27.1 25.9 35.9 26.7 40.7 34.4 23.7 10.6 33.3 17.6 34.7 27.7 6.6 8.4 19.7 6.2 21.9 22.4 13.1 23.9 35.2 18.8 28.3 40.2 52 200.2 5.4 108.4 15.6 34.1 14.7 28.7 1
22.6 21.1 28.9 21.8 33 27.7 20.1 13.6 32.1 17.5 29.6 30.7 10.7 11.9 29.2 10.3 28.8 31.4 15.8 21.7 37.8 19.5 35.2 37.7 125.1 154.8 22.7 129.2 1.2 5.5 1.3 19.7 1
27.6 25.7 35.5 26.6 40.1 33.8 24 12.7 33.3 18.9 34.3 28.4 7.9 9.4 20.7 6.7 22.7 24.1 14.3 25.3 37 20.7 30 40.4 57.8 232.7 5.7 127.4 13.6 18.5 11.4 33.4 1
28.3 26.3 35.2 27.1 39.4 33.7 24.7 12.8 32.9 19.4 34 28 8.4 10.3 20.8 7.7 22.7 23.7 15.4 26.2 36.1 21.5 29.7 39.8 68.3 205.5 3.7 129.3 8.8 21.5 11.1 17 1
22.8 21.3 28.1 22 32 27.5 20.6 14.7 31.7 18.8 29.3 30.5 11.8 12.7 30.1 11.6 29.4 32.4 16.3 22.4 37.9 20.1 35.8 37.2 112.6 179.1 27.4 131.6 1 5.2 2.7 32.6 1
26.1 24.1 32.9 25.1 37.5 31.5 23.2 17.8 35.6 21.6 33.2 33.1 13.7 14 28.3 11.9 29.7 30.9 18.2 24.9 38.8 21.9 35.3 40.3 108 244 9 101 0.7 0.9 0.9 4.7 1
23.4 21.9 31.7 22.4 35 31.3 21.7 17.6 32.6 20.7 31.7 31.1 15.3 17.6 30.9 15.9 30.1 33.7 21.3 25.2 39.7 24.4 37.3 40.2 114.3 128.3 25.8 182.5 4.1 7.3 5.5 28.6 1
26.1 23.2 32 24.6 37.3 30.3 21.5 12 33.5 17.1 32.4 29.7 8.1 9.5 24.4 7.2 25.7 27.3 14.9 25.3 37.5 20.5 32.9 39.8 75 199.9 10.7 90 2 12.7 4.9 15.4 1
26.9 25 25 25 26.9 25 24.5 20.9 23.2 23.2 24.5 20.9 19.7 20.6 18.6 18.6 19.7 20.6 23.3 27.8 26.2 26.2 23.3 27.8 73 146.2 52.3 179.9 4.6 6.2 4.6 20.8 1
17.9 35.6 35.2 17.1 19.7 34.3 12.1 26.6 31.7 2.2 7.3 19.7 -1.2 11 13.4 -0.3 -2.3 13.1 4.4 24.7 18.8 13.9 9.6 30.6 0.1 0.3 0 8.4 19.7 32.4 7.1 35.1 1
15.6 34.4 32.4 15.3 17.9 32.8 10.4 22 28.8 1.3 5.4 15.8 -2.7 6.7 9.6 -2.9 -5.1 8.6 2.3 20.8 14.1 11.9 7.9 26.8 0.7 3 1.5 15.7 26.9 36.4 25.5 52 1
17.1 37.8 36.1 18.8 19.9 37 14.1 27.8 33.7 3.8 8.8 20.5 0.5 12.1 14.4 1.2 -0.4 14.7 4.8 23.8 18.9 13.2 8.5 30.6 0.1 1 0 20.7 49.8 79.8 6.6 48.4 1
20.9 36.8 34.1 23 24 35.4 19.2 24 31.5 6.7 12.9 16.5 1.3 7.2 9.8 0.7 -1.1 9.9 5.2 21.9 15.4 16.1 10.9 28 1.4 2.9 0.9 20.6 34 37.2 15.2 37.4 1
24.5 39.8 27.5 43.2 27.1 42.8 23.2 38.7 18.1 31.4 11.2 22.6 6.3 15.8 4.5 13.8 5.7 15.7 9 20.1 13.8 26.3 19.6 33.7 0 0.2 0.7 39.1 59 68.3 13.4 57.3 1
21.3 39.2 25 42.9 24.2 42.6 19.1 38.2 13.5 30.6 7.2 21.1 3.8 14.1 2.2 12.4 3.4 14.8 6.8 19.3 11.2 25.2 16.2 32.7 0 1.1 0.3 45 57.9 62.7 15.2 63.2 1
7.8 20.8 10 21.8 7.6 19.3 1.5 14.4 -4.6 8.1 -14.4 -3.4 -21.6 -11.9 -25 -14.4 -21.6 -8.9 -13.8 -0.8 -5.2 8.7 2.3 17.1 50.9 76.3 4.9 32.1 1.9 3.2 3.3 13.4 1
19.9 30.7 30.8 19.9 20.8 29.8 17.3 23.9 27.6 8.6 13 19.5 6.1 15.2 16.9 7.3 4.8 17.5 10 24.3 20.2 17.5 13.5 28.7 14.4 47.7 7.8 28.8 12 30.2 22.1 36.2 1
27.4 40.4 26.9 36.1 26.4 35 24.4 35 18.2 32.9 11.6 27.4 6.8 21.6 5.9 19.8 8.9 22 14 27.1 19.6 33.9 23.7 38.6 36.3 202.1 4.2 61.1 13.9 28.6 19.7 41.2 1
25.7 40.4 26.6 37.7 25.8 35.7 22.7 35 16.1 31.2 9.6 25.6 4.9 20.1 4 18.3 6.3 19.5 11.2 23.7 16.4 30 21.3 35.9 7.7 67.7 9.7 17.9 23.3 42.7 27 78.4 1
15.9 35.5 19.9 35.9 17.9 34.8 10.9 31.4 3.8 25.5 -0.9 19.2 -3.2 13.3 -3.4 10.8 -0.9 12.9 3.4 18.7 8.3 24.8 11.5 30.4 1.1 12.7 0.3 5.3 30.5 56.7 6 55 1
16.8 17.3 31.7 17.5 31.7 31.5 15.3 9.7 26.6 11.9 30.1 24.7 7.8 9.6 21.1 7.7 22.3 21.8 11.6 15.3 26.1 13.1 23.8 29.5 12.6 27.5 3.8 6.3 2 9.1 31.4 36 1
19.6 18.8 35.5 21.2 34.2 32.4 13.6 3.4 20.6 8.1 28.8 12.3 -0.5 -1.8 3.5 -3.4 5.6 6.2 4.2 15.5 21.9 10.7 13.8 28.6 1.2 8.6 3.2 15.7 15.1 17.3 20.1 26.8 1
18.5 17.4 37 19.6 36.1 35.1 12.2 3.6 21.9 8.1 30.9 17.9 0.5 0.5 10.8 -1.6 10.9 10.8 6.1 15.4 24.3 11.6 17.2 30.4 0.1 3.9 0.6 21.9 33.8 45.8 23.8 64.5 1
20.7 38.2 35.7 20.5 23.1 36.6 15.4 23.2 31.5 4.6 9.1 16.6 0.7 7.4 9.8 -0.2 -1.6 9.6 4.9 24.1 15.6 16.2 11.1 30 1 4 4 20 21 27 28 44 1
24.3 35.3 35.7 24.4 23.6 35.3 24.6 34.7 35.3 23.4 22.8 33.8 21.5 33.4 33.2 22.1 21.9 33.2 23 34.3 33.7 23.8 23 35.6 24.3 34.5 31.5 57.4 13.6 53.6 9.2 25.7 1
23.1 31.8 32.3 23.1 22.7 32.7 23.5 33.2 33.5 22.8 23.5 32.8 21.3 29.8 31.7 20.9 20.8 29.6 20.9 30.6 30.1 23.2 21.6 31.9 50.3 56.8 53.6 55.9 17.1 54.4 22.1 36.1 1
23.7 32.6 32.9 24.3 23.4 34.5 24.6 34.2 34 23.9 24.6 32.9 23 31 31.9 21.9 22.2 31.8 22.3 33.3 32.9 24 23.3 33.8 34.5 61.3 34.8 62.7 28.7 68.9 7.7 12.9 1
