0.530612245 0.816326531 0.6875 0.916666667 0.541666667 0.9375 0
0.163265306 0.571428571 0.3125 0.645833333 0.208333333 0.645833333 1
0.387755102 0.653061224 0.5 0.833333333 0.395833333 0.8125 1
0.653061224 0.918367347 0.6875 0.854166667 0.645833333 0.895833333 0
0.428571429 0.857142857 0.520833333 0.916666667 0.4375 0.916666667 0
0.530612245 1 0.708333333 0.916666667 0.5 0.895833333 0
0.714285714 0.897959184 0.6875 0.8125 0.6875 0.854166667 0
0.204081633 0.469387755 0.333333333 0.625 0.25 0.604166667 1
0.530612245 0.897959184 0.625 0.979166667 0.520833333 1 0
0.06122449 0.755102041 0.229166667 0.833333333 0.0625 0.791666667 1
0.142857143 0.530612245 0.375 0.666666667 0.1875 0.625 1
0.510204082 0.734693878 0.625 0.791666667 0.520833333 0.833333333 0
0.714285714 0.93877551 0.645833333 0.833333333 0.708333333 0.895833333 0
0.428571429 0.632653061 0.4375 0.729166667 0.395833333 0.729166667 1
0.306122449 0.530612245 0.333333333 0.625 0.291666667 0.625 1
0.673469388 0.979591837 0.708333333 0.979166667 0.666666667 0.729166667 0
0.285714286 0.653061224 0.354166667 0.875 0.25 0.8125 1
0.693877551 0.897959184 0.645833333 0.8125 0.6875 0.833333333 0
0.387755102 0.816326531 0.541666667 0.729166667 0.395833333 0.770833333 0
0 0.428571429 0.3125 0.666666667 0 0.5625 1
0.142857143 0.551020408 0.3125 0.645833333 0.145833333 0.645833333 1
0.510204082 0.795918367 0.395833333 0.625 0.458333333 0.729166667 0
0.387755102 1 0.708333333 1 0.375 0.9375 0
0.204081633 0.571428571 0.416666667 0.770833333 0.1875 0.729166667 1
0.285714286 0.591836735 0.333333333 0.666666667 0.25 0.666666667 1
0.346938776 0.653061224 0.4375 0.8125 0.333333333 0.791666667 1
0.387755102 0.632653061 0.375 0.625 0.416666667 0.708333333 1
0.265306122 0.591836735 0.416666667 0.8125 0.25 0.8125 1
0.734693878 0.897959184 0.666666667 0.791666667 0.708333333 0.854166667 0
0.081632653 0.428571429 0.291666667 0.625 0.1875 0.541666667 1
0.591836735 0.87755102 0.270833333 0.583333333 0.458333333 0.854166667 0
0.265306122 0.632653061 0.458333333 0.8125 0.270833333 0.791666667 1
0.102040816 0.489795918 0 0.729166667 0.125 0.6875 1
0.224489796 0.551020408 0.375 0.666666667 0.25 0.625 1
0.040816327 0.693877551 0.208333333 0.8125 0 0.708333333 1
