2910 2913 7 9 45 47 175 190 -17 -5 335 361 1573 1598 0
3002 3068 3 359 43 51 127 192 -13 51 2760 2790 2282 2358 0
2796 3241 352 357 44 48 268 300 27 41 1061 1604 577 1034 0
3012 3078 353 356 46 51 201 256 5 75 2760 2790 2376 2448 0
3023 3023 348 348 46 46 228 228 25 25 2746 2746 2431 2431 0
2722 2726 317 317 30 33 30 30 23 27 3250 3285 6077 6104 0
2977 3028 278 342 33 40 0 30 0 56 5005 5064 3977 4026 0
3063 3099 300 311 32 35 170 242 35 71 2473 2563 2869 2962 0
3123 3129 318 323 31 33 42 60 28 34 4568 4610 1430 1455 0
2877 3197 270 318 29 35 0 323 -62 122 2605 5211 2011 4875 0
2739 3300 270 331 29 40 0 534 -111 156 661 5795 1353 6109 0
2869 3197 269 352 29 42 60 417 16 187 150 1503 819 3046 0
3294 3294 298 298 29 29 30 30 24 24 5945 5945 630 630 0
3195 3467 256 339 29 46 0 537 -74 131 1116 5389 706 3947 0
3399 3554 265 340 29 38 30 277 12 155 2773 3400 1376 2394 0
3168 3271 274 313 29 36 324 541 109 165 108 484 797 2213 0
3162 3234 262 308 32 43 0 150 -18 62 684 816 2048 2138 0
3181 3393 274 336 29 35 95 553 36 196 342 904 677 2440 0
3313 3404 298 352 30 41 85 277 28 120 871 1265 1410 1604 0
2797 3086 232 313 30 42 42 598 23 289 2107 2516 1239 1844 0
2912 2946 275 283 34 35 0 0 0 0 2452 2482 819 845 0
2918 2988 272 299 30 50 30 175 14 95 2457 2512 750 832 0
2892 3235 285 349 29 40 30 497 24 184 170 4365 765 3679 0
3182 3299 259 286 30 32 800 981 146 322 3246 3760 2271 2532 0
3236 3294 285 351 29 43 319 955 22 211 1608 3755 525 2317 0
3065 3065 282 282 29 29 150 150 32 32 2809 2809 1645 1645 0
2791 3356 241 354 29 49 85 569 -31 290 601 3078 210 3024 0
3095 3095 47 47 41 41 30 30 0 0 4713 4713 1648 1648 0
2898 3158 8 93 41 49 30 277 -70 63 309 4764 1463 1712 0
2994 3273 3 83 39 56 60 540 41 262 300 4802 854 1954 0
3331 3343 64 65 41 43 120 124 97 109 4314 4317 1008 1024 0
3342 3377 76 101 43 50 180 228 5 94 4650 5137 212 2422 0
3008 3082 6 30 40 45 42 127 -13 45 2448 2760 966 2287 0
2797 2797 13 13 48 48 242 242 42 42 1082 1082 1006 1006 0
3011 3091 17 41 40 45 42 430 3 154 2248 2486 993 2167 0
2916 2919 62 95 10 11 124 485 3 10 4857 4926 2644 3079 0
2524 2580 40 108 8 20 0 242 -20 8 589 1110 469 1020 0
2667 3060 16 156 8 23 0 752 -25 183 516 5723 1233 7045 0
2529 2995 32 141 8 24 0 283 -9 29 677 5611 942 6529 0
2909 3231 29 141 8 20 0 902 -56 54 2758 6129 212 5867 0
2693 3182 0 144 8 40 0 787 -95 119 175 6575 182 6942 0
2571 3362 4 171 8 39 0 794 -91 237 95 6391 0 4104 0
2738 3337 8 356 8 38 0 1034 -132 223 60 6072 85 4770 0
2945 3119 21 120 8 20 0 402 -9 62 3572 6272 2285 4025 0
2576 3379 2 359 8 45 0 918 -156 413 85 6632 0 7118 0
2692 3328 1 166 8 44 0 780 -77 306 60 6207 60 6069 0
3237 3479 18 139 8 28 0 1018 -17 237 1226 3105 1200 3840 0
3176 3391 6 163 8 39 0 750 -49 255 612 6312 30 3992 0
3130 3457 7 173 8 48 0 918 -57 266 931 5932 108 5236 0
3191 3686 1 162 8 39 30 1124 -32 431 1031 4502 755 4892 0
3153 3301 28 166 8 27 42 691 -2 140 319 1379 1624 2315 0
3132 3218 45 153 8 18 0 481 -7 41 418 2167 1464 4712 0
3356 3367 114 145 9 13 674 738 181 186 1371 1499 924 1034 0
2990 3371 15 165 8 26 0 684 -36 139 108 2001 108 5867 0
3118 3360 20 163 8 27 0 618 -46 214 95 2576 853 5810 0
3194 3359 15 143 8 26 30 750 0 222 934 1528 1026 5551 0
3149 3288 112 169 12 32 297 595 71 201 127 503 2733 3266 0
3342 3415 50 163 8 25 591 767 163 242 1177 1660 872 1511 0
3124 3387 12 159 8 30 0 708 -50 202 67 1575 335 4542 0
3128 3365 15 169 8 37 0 726 -50 204 330 2590 1074 4570 0
3316 3453 22 150 8 20 0 459 -54 92 1082 2451 3081 4298 0
3267 3442 18 146 8 32 0 771 -79 164 408 2241 210 4800 0
3243 3469 19 148 9 32 60 603 -69 107 807 2432 1744 4929 0
3200 3469 10 141 8 33 42 816 -26 238 175 2497 636 5768 0
2660 2748 32 162 15 23 0 42 0 13 1385 2252 732 1476 0
2525 2919 5 105 8 29 0 616 -77 152 872 3431 30 3037 0
2544 2944 33 158 8 20 0 806 -10 178 361 3524 633 3010 0
2591 3238 21 174 9 36 0 516 -10 259 1006 2766 218 2382 0
2895 2922 47 90 9 12 30 42 -1 2 2016 2205 2016 2174 0
2567 2940 38 156 9 17 0 240 -11 14 886 2721 1865 3062 0
2945 2963 89 128 11 22 60 124 9 27 1747 1814 2670 2737 0
2548 3079 6 156 8 29 0 297 -25 33 495 3544 474 2866 0
2846 3326 8 168 8 38 0 636 -28 113 180 4684 216 3857 0
2695 3356 1 157 8 39 0 671 -42 116 124 4669 134 4006 0
2619 3348 1 357 8 38 0 1159 -78 320 285 4193 42 3678 0
2787 3059 24 128 8 30 0 228 -19 63 1618 2190 2458 3636 0
2896 3230 68 168 9 33 0 437 -20 132 2089 2754 1380 1894 0
2795 2865 22 152 12 32 150 277 -19 110 1047 1189 720 997 0
2654 3373 7 162 8 41 0 942 -42 353 339 3734 134 3478 0
2814 3449 5 164 8 38 0 987 -31 266 182 3810 90 3489 0
2576 3414 5 174 8 46 0 1045 -134 415 108 4466 67 3762 0
3264 3330 47 121 9 19 162 400 -5 60 3437 3629 1154 1415 0
3144 3225 28 161 10 25 0 85 -10 21 1310 1879 242 794 0
3193 3462 25 156 9 21 0 769 -10 123 1237 3481 598 2486 0
2975 3409 9 162 9 32 0 759 -18 211 932 4549 360 3198 0
3177 3412 15 163 9 30 175 830 17 314 1158 3987 890 2831 0
2909 2919 0 350 0 10 120 470 -3 10 4788 5019 2630 4006 0
2518 2589 5 351 0 13 0 350 -27 29 201 1131 426 1436 0
2659 3067 0 359 0 21 0 840 -30 190 534 5833 1209 7051 0
2525 2988 0 358 0 33 0 547 -9 85 706 5862 845 6546 0
2950 3259 0 358 0 19 0 1006 -49 104 2529 6167 30 5873 0
2665 3211 0 359 0 31 0 904 -91 145 218 6629 0 6946 0
2565 3375 0 359 0 41 0 778 -94 221 0 6434 0 4053 0
2676 3362 0 359 0 29 0 1113 -137 229 67 6402 0 5817 0
2748 3196 0 359 1 30 0 433 -50 141 671 6348 1355 4902 0
2616 3392 0 359 0 37 0 960 -135 279 90 6607 60 7110 0
2684 3283 0 360 0 36 0 842 -89 281 85 6148 42 6099 0
3234 3475 4 359 0 21 0 990 -28 242 1366 3134 997 3797 0
3139 3425 0 360 0 32 0 964 -46 161 641 6307 0 4195 0
3126 3486 0 359 0 37 0 800 -107 316 882 5941 190 5314 0
3188 3686 0 359 0 36 0 1022 -93 431 552 5034 573 4904 0
3151 3302 2 358 1 24 85 693 -4 141 277 1358 1632 2355 0
3115 3222 0 357 0 11 85 234 -1 16 127 481 966 5650 0
3122 3143 0 357 0 11 0 256 -9 16 400 808 2316 2631 0
3124 3252 0 356 0 15 0 451 -9 40 342 2256 960 4839 0
3361 3387 0 339 0 12 702 918 166 208 883 1461 604 994 0
2947 3381 0 359 0 32 0 924 -61 230 67 2442 60 5642 0
2945 3399 0 359 0 33 0 1129 -86 207 30 2558 67 5741 0
3035 3315 0 359 2 25 0 706 -49 179 277 1674 85 5400 0
3186 3319 133 186 4 24 361 618 -77 198 170 616 2971 4401 0
3181 3216 31 349 1 19 201 433 5 97 150 495 1979 2220 0
3336 3421 0 359 0 19 589 1032 159 248 815 1634 509 1549 0
3127 3445 0 359 0 30 0 725 -33 208 67 2482 474 4558 0
3112 3453 0 359 2 33 0 860 -43 247 277 2632 192 4592 0
3333 3465 0 358 0 16 0 540 -21 104 1124 2402 3132 4239 0
3278 3458 0 359 0 24 0 824 -60 158 503 2232 361 4794 0
3188 3472 0 359 4 37 30 646 -50 204 443 2100 1048 5069 0
3111 3489 0 359 1 31 0 1015 -16 278 127 2034 648 5702 0
2604 2864 66 327 0 29 0 90 -6 26 849 2087 1020 3164 0
2528 2916 0 359 1 30 0 649 -73 118 787 3487 42 3120 0
2537 2950 0 359 0 23 0 850 -30 184 331 3513 569 3053 0
2708 3302 0 359 1 39 0 825 -47 328 525 3568 127 2766 0
2872 2925 24 104 2 10 0 42 -2 4 1667 2374 1856 2574 0
2524 2944 0 357 1 20 0 335 -16 13 731 2809 953 3164 0
2725 3231 0 358 1 20 0 607 -5 112 42 4526 360 2725 0
2549 3119 0 359 1 24 0 417 -21 54 365 3581 553 3187 0
2830 3332 0 358 0 30 0 420 -23 85 778 2777 90 2296 0
2801 3368 0 359 0 32 0 902 -62 141 150 4604 127 3742 0
2672 3370 0 359 0 34 0 794 -58 160 30 4643 0 4101 0
2598 3356 0 359 1 39 0 1172 -84 415 95 4450 0 3695 0
2789 3055 15 160 1 15 0 242 -16 52 1630 2182 2483 3573 0
2954 3316 131 291 4 31 30 1026 -13 287 2106 3780 1418 2581 0
2477 2865 0 346 3 28 0 426 0 110 849 1256 947 1448 0
2643 3403 0 359 0 38 0 1146 -92 385 95 4144 0 3553 0
2789 3453 0 359 0 33 0 1129 -67 334 0 5021 0 3438 0
2466 3425 0 359 0 37 0 1100 -61 422 124 4765 0 3683 0
2896 3313 0 359 4 18 153 700 5 174 1061 3630 30 2195 0
3147 3243 0 358 0 18 0 90 -5 15 1332 4715 190 2698 0
3302 3391 163 209 12 21 390 661 110 174 2862 3306 552 1091 0
3183 3470 0 358 0 26 0 1172 -44 221 1048 5102 0 3159 0
2952 3395 0 359 2 34 0 1200 -26 294 1084 4837 509 2881 0
3188 3462 2 344 2 27 134 1167 4 220 1194 4172 242 3481 0
2668 2950 3 357 45 52 162 255 -42 89 1738 2979 2546 4362 1
2446 2649 0 360 43 64 150 323 -43 148 417 706 1440 1654 1
2720 3101 4 359 44 49 134 379 24 151 830 2172 666 2295 1
2883 2928 349 350 45 46 175 212 21 56 2894 2998 2571 2584 1
2485 2523 343 351 44 52 120 175 54 101 713 859 1471 1485 1
2949 2949 355 355 41 41 268 268 83 83 2827 2827 2542 2542 1
2724 2803 354 356 41 42 150 481 34 214 979 2147 642 700 1
2640 2785 281 341 31 39 0 42 0 33 2520 3589 5827 6781 1
2840 2985 265 325 29 36 42 342 19 145 5142 6240 4696 4908 1
2628 3272 268 354 29 42 0 743 -1 202 446 6135 553 6871 1
2634 3222 281 334 30 41 0 598 0 222 256 6005 924 6751 1
3214 3261 268 304 29 36 190 301 67 230 726 1087 2201 2413 1
3162 3162 265 268 33 34 90 95 28 28 573 594 2195 2200 1
3159 3214 263 294 33 37 85 190 17 55 598 655 2062 2190 1
3184 3184 285 285 32 32 201 201 42 42 569 569 2077 2077 1
3322 3338 313 315 30 30 256 285 78 95 2179 2221 2215 2239 1
3253 3259 281 291 29 30 170 192 37 47 658 671 1092 1103 1
2652 2790 233 254 34 40 95 212 44 135 1485 1648 1150 1448 1
2446 2642 298 353 30 45 30 376 -35 213 376 1075 1443 1771 1
2556 2661 295 307 31 38 60 201 1 90 2163 2210 2324 2415 1
2571 3046 234 338 29 50 30 890 5 372 805 2790 162 2132 1
2950 3159 158 311 4 51 67 451 19 76 1477 2941 1103 1871 1
2565 2961 247 339 29 44 30 283 3 163 592 2419 633 2324 1
3198 3244 264 282 30 32 866 969 277 323 3375 3525 2337 2432 1
2522 2930 246 328 29 43 30 890 2 547 726 1253 1055 2136 1
2744 3081 262 342 29 40 108 569 -10 216 900 2886 636 2608 1
2909 3226 212 349 29 55 108 907 42 581 874 2985 1103 2467 1
2486 3213 241 349 29 46 0 859 -104 560 120 4168 108 2818 1
2481 2557 277 325 31 38 67 182 33 89 426 566 1015 1113 1
2236 2592 267 323 29 42 42 424 20 205 127 864 660 1549 1
2722 2722 63 63 42 42 150 150 82 82 1265 1265 2182 2182 1
2815 2829 29 31 39 40 60 90 41 55 4082 4109 774 792 1
2664 2727 9 20 41 45 192 234 -46 16 1699 1728 4302 4326 1
2885 2885 82 82 44 44 108 108 55 55 350 350 1621 1621 1
2543 2570 8 11 44 46 228 268 -3 150 470 664 1500 1515 1
2639 2771 14 29 39 50 309 532 89 235 774 878 1261 2236 1
3079 3194 48 105 49 66 0 150 -2 103 2970 3004 1224 1368 1
3147 3281 34 107 37 65 127 216 -6 123 2971 3045 1148 1209 1
2657 3152 5 67 40 50 67 408 16 185 497 1613 750 2271 1
2909 2916 45 80 8 12 242 400 3 16 4612 4781 4625 4879 1
2906 2906 57 57 10 10 228 228 0 0 4784 4784 4753 4753 1
2528 2663 28 137 8 25 0 446 -51 66 90 1503 153 1537 1
2507 3057 16 162 8 42 0 907 -68 239 85 5883 446 6949 1
2482 2978 0 171 8 34 0 306 -17 33 108 5226 67 6748 1
2473 2618 27 163 8 28 0 604 -16 51 306 1579 3168 5936 1
2887 3201 24 141 8 19 0 400 -19 26 3384 5712 680 5878 1
2503 3119 2 175 6 38 0 824 -91 75 150 7116 256 6732 1
2564 3276 10 168 8 39 0 738 -53 193 0 5751 67 3212 1
2518 3304 8 157 8 38 0 785 -143 223 108 5737 60 4556 1
2706 3073 9 158 8 29 0 674 -85 205 95 6316 2006 4968 1
2504 3333 1 360 8 41 0 990 -159 341 42 7092 0 7168 1
2514 3302 1 185 8 61 0 865 -119 326 42 6856 30 6790 1
3240 3303 31 129 9 32 0 127 -7 50 4986 5191 124 390 1
3142 3324 37 135 9 28 134 484 23 148 1587 3331 1256 3234 1
3191 3237 31 54 18 24 309 376 30 91 3752 3932 2919 3037 1
3203 3233 40 120 9 16 0 120 0 11 30 589 774 1114 1
3129 3163 65 121 9 22 566 703 -65 -31 537 666 1032 1153 1
3102 3331 21 160 8 26 0 812 -166 147 67 1639 1296 4744 1
3111 3359 21 158 8 24 0 953 -98 211 95 2024 1648 3481 1
3203 3334 22 148 8 25 0 566 -9 114 67 979 366 1536 1
3151 3329 109 166 12 33 42 666 -164 190 242 674 3226 4685 1
3186 3208 43 67 12 14 150 268 44 52 524 589 2018 2136 1
3136 3370 26 166 8 31 0 769 -90 175 30 2165 331 4712 1
3114 3355 11 159 9 32 0 830 -30 195 420 1974 1557 4475 1
3269 3426 37 153 8 22 0 702 -7 131 335 2122 212 4195 1
3271 3283 33 70 9 14 0 30 0 0 930 1006 1332 1337 1
3279 3392 25 103 9 16 124 342 19 76 497 738 769 994 1
2483 2824 26 174 9 30 0 541 -27 145 671 3235 488 2207 1
2389 2713 49 177 9 35 0 424 -95 181 418 1692 457 1516 1
2438 2992 20 177 8 35 0 787 -29 326 510 3384 182 2490 1
2315 3059 0 359 8 41 0 1167 -51 352 175 3571 0 2879 1
2440 2987 16 164 8 29 0 849 -68 212 30 3778 306 3003 1
2522 3308 7 179 8 46 0 1134 -84 322 649 4374 247 2797 1
2476 2913 54 126 9 22 0 42 -1 3 1560 2184 1065 2132 1
2508 2919 28 160 8 22 0 513 -10 56 120 2758 488 2871 1
2873 3114 18 157 8 24 0 518 -25 66 446 2226 912 2946 1
2451 3016 18 156 8 31 0 180 -9 71 212 3744 404 2766 1
2761 3209 18 163 8 32 0 470 -30 130 153 3505 277 2497 1
2619 3322 8 294 8 57 0 819 -154 219 108 3279 42 3113 1
2564 3297 4 169 9 35 0 1376 -13 296 108 3481 417 3472 1
2668 3060 21 162 8 21 42 780 -17 119 1201 3622 1748 3510 1
3110 3320 125 169 15 35 361 824 -6 330 390 1061 1158 1749 1
2746 2887 8 135 8 39 0 577 -3 134 1033 1549 571 1082 1
2455 3209 0 283 8 40 0 1290 -43 282 150 3261 108 3425 1
2680 3399 1 188 8 57 0 1397 -40 311 0 3907 0 3384 1
2445 3340 0 358 8 41 0 1261 -68 402 127 4536 30 3478 1
2816 3235 24 165 8 28 270 1262 37 274 1261 3887 524 1863 1
3282 3295 143 149 15 16 484 543 80 93 2754 2805 1087 1126 1
3313 3324 148 161 16 20 841 882 127 132 2477 2506 1749 1777 1
3137 3391 22 155 16 41 60 484 -12 191 900 3957 459 2026 1
3270 3365 113 160 12 20 569 849 64 336 927 3861 1211 1579 1
2299 2343 19 94 9 31 150 362 53 123 210 457 379 888 1
2462 2601 55 152 12 38 0 361 0 114 499 778 895 1172 1
2461 2606 27 141 9 20 30 451 5 113 0 1128 240 1112 1
2190 2530 0 359 8 37 0 424 0 137 0 1296 153 1348 1
2414 2624 21 148 8 22 180 451 89 150 424 808 902 1084 1
2357 2357 19 31 18 19 0 30 0 3 467 511 1121 1201 1
2900 2922 0 353 0 11 212 470 -2 22 4508 4826 4519 5007 1
2900 2926 0 351 0 11 0 492 -6 26 3778 5351 3446 6322 1
2526 2646 0 359 0 17 0 443 -35 67 95 1413 30 1500 1
2509 3064 0 359 0 23 0 960 -37 265 180 5919 384 6872 1
2483 2995 0 358 0 39 0 592 -49 56 42 6046 42 7044 1
2482 2626 0 359 0 19 0 598 -14 59 212 1618 1115 6315 1
2879 3251 0 359 0 23 0 618 -17 62 2462 6182 0 5908 1
2492 3132 0 359 0 40 0 1087 -110 177 90 7117 67 6710 1
2565 3294 0 359 0 28 0 579 -45 119 0 6116 67 3454 1
2514 3321 0 359 0 26 0 765 -141 226 67 6122 0 5867 1
2688 3077 0 359 0 33 0 577 -6 203 85 6345 1782 5343 1
2503 3324 0 360 0 38 0 1110 -139 300 30 7097 0 7173 1
2505 3289 0 360 0 37 0 1057 -53 263 30 6914 0 6872 1
3222 3293 0 356 0 25 0 228 -7 35 4447 5719 127 979 1
3198 3279 41 343 4 28 175 524 36 265 690 3503 1308 3456 1
3234 3305 22 355 3 28 134 371 32 91 1020 3723 2305 3035 1
3112 3232 4 356 1 14 0 175 -5 11 67 618 811 5083 1
3125 3243 0 357 0 14 0 750 -69 18 484 1883 1123 5139 1
2961 3337 0 359 1 30 0 789 -91 129 67 1655 457 5125 1
2957 3354 0 359 0 31 0 990 -96 214 60 2232 524 5135 1
3065 3308 0 359 1 26 0 750 -50 129 175 1660 433 1994 1
3150 3331 135 232 5 29 180 642 -130 140 150 666 3178 4591 1
3174 3216 6 294 5 29 175 295 32 67 503 579 1995 2118 1
3129 3373 0 359 1 28 0 759 -91 195 182 2208 330 4819 1
3124 3392 0 359 0 29 0 811 -20 244 480 2382 564 4548 1
3327 3430 11 165 3 12 0 408 -4 101 1103 1506 3421 4017 1
3265 3433 0 358 1 21 0 849 -57 246 390 2297 295 4337 1
3250 3305 0 357 3 27 0 108 -7 31 691 1114 1262 1430 1
3236 3397 0 356 1 28 95 467 5 162 408 750 696 1318 1
2489 2810 0 358 1 32 0 547 -154 153 458 3355 285 2240 1
2400 2773 21 284 2 40 0 503 -173 258 90 1909 492 1544 1
2435 2991 0 359 1 40 0 872 -64 254 268 3507 134 2739 1
2313 3043 0 360 2 38 0 1132 -77 245 30 3450 67 2863 1
2443 3002 0 359 0 29 0 979 -86 256 30 3839 330 3048 1
2508 3314 0 360 0 40 0 1130 -157 377 247 4321 0 2858 1
2470 2926 0 230 1 24 0 108 -15 5 1436 2362 1075 2716 1
2446 2943 0 358 1 26 0 495 -33 43 30 2746 516 2881 1
2867 3209 0 356 1 28 0 830 -20 54 120 3954 335 2954 1
2424 3085 0 359 1 26 0 418 -9 60 60 3864 426 2797 1
2944 3065 220 311 3 17 0 60 0 11 1987 2592 690 1395 1
2805 3241 0 356 0 34 0 497 -59 127 120 3509 234 2704 1
2610 3327 0 359 0 39 0 939 -144 371 95 3443 0 3177 1
2485 3302 0 360 1 34 0 1342 -50 302 30 3653 376 3570 1
2637 3045 0 359 2 22 0 1006 -15 160 1218 4194 1383 3455 1
3113 3425 154 309 13 32 350 1253 98 446 459 4115 1374 2681 1
2471 2940 2 360 2 37 30 875 -30 563 700 1528 573 2142 1
2422 3394 0 359 0 36 0 1328 -140 339 30 4462 192 3509 1
2665 3360 0 360 0 38 0 1370 -132 601 0 3913 0 3422 1
2438 3401 0 360 0 39 0 1289 -122 554 108 4575 0 3495 1
2642 3302 0 359 0 33 42 1301 -45 281 351 4014 339 2341 1
3277 3314 151 192 13 19 443 604 75 181 2755 3008 849 1129 1
3208 3327 2 357 8 20 362 824 15 125 2268 2683 1221 1733 1
3032 3272 4 357 11 27 268 638 14 173 3366 4026 1544 2043 1
3252 3378 140 345 11 22 511 907 61 345 926 4188 1273 3543 1
2289 2359 1 358 1 32 150 424 -48 127 30 532 285 959 1
2454 2500 4 351 9 29 0 108 0 34 450 534 1022 1110 1
2469 2628 0 359 1 23 0 488 -3 214 0 1265 124 1206 1
2142 2635 0 360 1 35 0 511 -13 248 30 1387 0 1566 1
2417 2654 4 359 3 24 240 553 81 259 335 797 912 1057 1
2347 2381 2 358 0 20 0 30 -10 4 404 649 1034 1399 1
2250 2267 11 357 5 23 0 30 -2 8 90 162 992 1116 1
2187 2289 1 358 44 50 60 484 28 105 624 1677 513 1159 2
2145 2164 345 349 45 48 30 60 16 36 684 702 541 576 2
2117 2287 355 358 41 41 42 150 37 90 150 1516 553 990 2
2521 2582 227 247 37 45 162 192 -11 111 1159 1277 1302 1348 2
2417 2785 229 273 32 50 0 458 -61 168 324 3164 270 1574 2
2407 2520 267 332 31 40 0 339 0 119 277 1648 258 912 2
2404 2406 272 273 30 33 30 42 13 16 382 424 361 404 2
2042 2366 242 291 30 41 30 524 -40 160 277 1332 342 920 2
2209 2209 270 270 31 31 376 376 142 142 469 469 295 295 2
1943 2064 308 341 29 38 0 30 0 30 60 360 342 595 2
2016 2175 242 327 30 41 30 306 14 173 150 400 60 511 2
2228 2337 267 299 29 36 95 424 23 186 553 1279 430 721 2
1932 2577 244 355 29 49 0 534 -80 304 30 1600 0 1855 2
2173 2254 305 320 30 32 30 42 20 24 404 725 942 1595 2
2018 2231 257 343 29 36 30 67 12 38 67 1423 216 1248 2
1946 2293 43 96 39 48 67 319 3 210 95 659 216 547 2
2298 2298 26 26 40 40 201 201 137 137 793 793 553 553 2
1925 2322 3 87 39 47 30 518 -57 182 42 1652 153 1533 2
2270 2812 32 172 8 39 0 566 -113 173 30 3077 0 2592 2
2270 2653 6 176 8 40 0 437 -14 184 0 1782 541 1503 2
2326 2878 18 182 8 40 0 706 -103 294 90 3395 90 2888 2
2297 2899 8 174 8 37 0 703 -52 266 120 3314 85 2402 2
2289 2815 22 157 8 27 0 726 -30 280 127 2588 371 2557 2
2516 2690 79 137 15 36 0 218 0 121 902 1128 424 726 2
2322 2451 60 111 10 17 0 30 -3 17 108 1055 582 1110 2
2414 2444 88 124 9 15 30 42 -8 1 1198 1782 216 1077 2
2490 2670 39 160 9 23 0 361 -17 13 850 2087 752 2696 2
2544 2556 88 115 22 25 30 30 9 15 1075 1115 595 638 2
2672 2863 43 119 8 14 30 633 -2 133 1968 2881 1702 2375 2
2568 2582 20 51 18 21 258 300 106 114 1050 1080 1616 1657 2
1904 2549 8 214 1 48 0 497 -110 265 30 1518 0 1399 2
1861 2498 15 170 8 34 0 513 -23 245 67 1682 180 1632 2
1897 2449 19 171 8 39 0 618 -38 209 85 1727 0 1708 2
1938 2455 11 174 8 38 0 371 -1 113 30 1531 218 1761 2
2006 2517 13 131 10 37 0 573 -29 224 180 1158 30 1756 2
1957 2584 7 175 8 44 0 664 -35 281 67 1634 0 1964 2
1908 2587 0 360 9 44 0 531 -95 286 30 1682 60 1706 2
2271 2632 50 155 9 21 30 570 -1 122 67 767 153 1112 2
1952 2394 2 151 8 37 0 42 -13 18 108 830 365 1291 2
2371 2382 71 142 9 18 0 30 0 3 537 659 1308 1410 2
2014 2354 15 160 10 28 0 67 -3 18 42 1552 324 1498 2
2325 2810 0 358 0 37 0 636 -121 211 67 2914 30 2525 2
2291 2638 0 327 0 41 0 454 -23 188 60 1804 543 1518 2
2330 2881 0 358 1 43 0 664 -113 231 67 3436 0 2888 2
2385 2857 0 359 1 33 0 684 -69 188 192 2876 85 2489 2
2441 2814 0 359 0 25 0 604 -36 174 417 2781 351 2502 2
2338 2456 135 272 4 29 0 30 0 19 319 1129 424 1142 2
2349 2491 14 354 1 27 0 362 -11 77 459 1820 190 1590 2
2472 2688 0 355 1 29 0 524 -40 51 127 2335 750 2674 2
2665 2865 8 350 1 13 30 666 -4 135 1857 2892 1661 2315 2
2553 2553 11 11 19 19 384 384 91 91 990 990 1615 1615 2
1901 2408 0 356 3 39 0 577 -111 244 30 1392 134 1565 2
1859 2502 0 358 1 32 0 541 -115 278 0 1671 134 1595 2
1919 2449 3 288 2 29 0 607 -7 179 90 1575 390 1149 2
1925 2446 0 358 1 35 0 437 -8 128 30 1463 120 1855 2
1995 2340 0 360 1 38 0 603 0 203 85 999 0 1652 2
1969 2622 0 359 0 35 0 655 -3 283 0 1612 30 2016 2
1908 2627 0 360 1 39 0 630 -134 312 0 1666 0 1997 2
2275 2644 4 359 2 26 0 612 0 272 85 825 134 1595 2
1951 2222 0 359 1 37 0 30 -12 17 120 1048 297 819 2
2151 2380 0 358 2 31 0 42 -3 21 330 949 458 1633 2
1995 2366 0 359 0 38 0 134 -9 44 0 1573 218 1587 2
2178 2178 314 314 30 30 30 30 19 19 1148 1148 816 816 3
2025 2458 37 172 10 36 0 60 -4 35 218 1572 162 1513 3
2161 2378 56 145 8 28 0 551 -9 264 270 1485 514 1549 3
2029 2389 24 177 8 46 0 457 -8 249 170 1702 0 1921 3
2089 2332 40 163 9 29 0 108 0 43 216 1296 342 1777 3
2094 2520 39 111 8 31 0 192 -11 37 150 1101 655 1781 3
1990 2468 35 167 9 36 0 470 -12 237 180 1418 210 1917 3
2010 2409 10 138 9 34 0 400 -10 245 95 1506 256 1521 3
2275 2311 98 140 10 18 0 30 0 7 85 234 108 371 3
1988 2384 14 160 8 25 0 30 0 10 108 1590 175 1276 3
2189 2355 79 111 9 16 0 0 0 0 433 1207 272 1231 3
2006 2320 18 158 8 32 0 42 -23 14 170 1626 247 1477 3
2033 2340 8 333 1 32 0 60 -1 13 457 1530 192 1577 3
2212 2359 11 272 1 26 0 513 -9 270 484 1466 541 1048 3
2036 2326 0 355 4 34 0 443 -2 212 300 1698 90 1809 3
1989 2310 0 354 2 28 0 67 -19 8 150 1409 108 1790 3
2283 2504 7 354 5 12 0 108 0 21 210 1138 738 1698 3
1988 2526 0 358 1 28 0 503 0 232 67 1477 108 1879 3
1991 2337 1 358 2 30 0 390 -25 38 85 1683 30 1440 3
2279 2412 0 356 2 16 0 30 0 9 95 765 30 1572 3
2008 2376 0 358 1 23 0 30 -14 12 180 1657 150 1471 3
2149 2374 4 352 3 19 0 30 -2 5 331 1172 190 1616 3
2000 2318 0 359 0 30 0 90 -16 21 108 1673 201 1566 3
2847 2847 297 297 29 29 513 513 95 95 1892 1892 2011 2011 4
2714 2881 72 84 44 51 85 228 -2 163 95 335 1256 1602 4
2628 2702 38 127 10 18 0 30 0 7 1291 2806 564 2143 4
2487 2533 38 130 9 15 0 402 -3 33 576 933 3733 5598 4
2681 2952 21 135 8 20 0 180 -9 25 1165 4895 1722 2721 4
2744 2876 45 111 11 27 201 600 -91 197 216 636 2215 2581 4
2603 2945 14 149 8 40 0 516 -69 209 90 4872 67 6321 4
2608 2981 23 174 8 45 0 607 -134 262 85 3424 120 6183 4
2549 2649 54 149 10 16 0 524 -39 33 600 1505 618 1541 4
2634 2938 54 158 11 25 0 551 0 171 618 2683 598 2461 4
2673 2803 15 163 8 24 0 607 0 169 1423 2791 240 2293 4
2547 2947 30 153 8 19 0 577 -1 115 120 2558 780 3000 4
2588 3007 17 172 9 40 0 967 -6 262 319 3182 421 1914 4
2546 2863 33 153 8 19 0 636 -40 52 60 2117 685 2568 4
2717 2731 88 149 8 21 0 30 0 6 1410 1454 1381 1423 4
2599 2654 100 131 11 11 30 42 -1 4 745 1146 1515 1677 4
2753 2829 28 115 8 24 30 95 3 45 779 2311 983 2242 4
2782 2841 63 138 9 14 30 242 -1 20 1756 2213 2163 2446 4
2683 2858 18 147 8 20 0 408 -9 79 1240 2639 242 1652 4
2681 2980 34 164 9 30 120 492 -14 244 339 2314 541 1856 4
2635 2965 34 161 8 29 0 492 -4 183 162 2272 577 2295 4
2493 2703 3 358 0 29 0 42 -6 20 698 3204 2123 6215 4
2482 2619 0 357 1 13 0 400 -11 58 558 955 3582 6259 4
2674 2959 0 358 1 18 0 319 -11 34 1140 5130 1533 2763 4
2588 2977 0 358 0 24 0 420 -8 151 108 5206 42 6309 4
2608 2867 1 355 1 25 0 366 -12 103 201 3200 134 6213 4
2543 2760 0 358 0 16 0 509 -11 40 858 2992 516 2135 4
2546 2961 139 288 6 33 0 743 -5 249 524 2340 553 3141 4
2556 2835 0 359 4 27 0 618 -2 172 819 2777 518 2315 4
2534 2964 0 359 1 26 0 769 -6 257 30 3073 649 3076 4
2570 3011 9 355 3 31 0 1053 0 265 212 3278 636 2401 4
2526 2878 0 358 0 30 0 1019 -43 194 30 2400 702 2652 4
2712 2974 7 326 2 23 0 67 -8 17 1411 2214 914 2135 4
2591 2835 2 221 3 20 30 90 -10 15 680 1302 1451 2598 4
2617 2918 13 357 1 24 0 270 -28 37 1315 2247 930 2001 4
2780 2931 25 216 3 14 30 666 -2 85 1687 2694 1764 2496 4
2590 2662 255 290 20 26 0 180 -5 66 1252 1321 994 1170 4
2668 2901 0 359 2 23 0 450 -6 127 1323 2670 218 1691 4
2673 2988 0 359 1 19 0 532 -19 245 201 2971 658 2297 4
2597 2969 4 350 5 24 0 510 -19 124 175 2312 592 2646 4
2863 2905 163 225 9 16 977 1100 85 238 2400 2521 1401 1515 4
2673 2676 2 351 49 52 175 201 118 126 1716 1740 1450 1477 5
2613 2693 324 350 45 54 134 210 34 140 1692 1765 1423 1505 5
2367 2595 273 326 30 38 60 240 1 95 212 1892 234 1020 5
2542 2722 276 339 29 52 42 228 12 143 1381 1789 983 1698 5
2349 2357 273 292 33 34 30 42 17 25 216 234 242 258 5
2545 2778 292 321 29 32 108 371 53 219 785 1374 306 977 5
2028 2360 231 315 30 43 60 360 19 173 365 1521 666 953 5
1908 2322 278 348 29 39 42 424 -8 230 90 942 671 1022 5
2275 2294 280 294 30 36 150 182 65 84 858 882 716 757 5
2043 2437 266 334 29 38 0 342 -21 197 300 1458 390 1234 5
2156 2327 19 40 39 44 67 216 6 115 443 566 268 395 5
2359 2722 25 142 8 27 0 467 -24 125 30 2230 210 2739 5
2325 2534 35 141 9 33 0 150 -5 82 90 1406 170 1006 5
2362 2738 23 166 9 36 0 443 -39 150 30 2895 95 2905 5
2327 2733 5 169 8 34 0 513 -82 126 60 3072 108 2824 5
2455 2746 27 134 8 29 0 525 -17 103 558 3019 395 2620 5
2562 2770 15 98 9 22 0 60 0 25 742 1495 997 1863 5
2331 2449 23 151 9 22 0 42 -12 8 30 1142 162 1153 5
2346 2458 22 152 9 22 0 30 -10 7 408 1948 272 1224 5
2447 2675 19 154 8 23 0 175 -10 11 190 2642 918 2916 5
2393 2740 14 129 8 28 0 60 0 22 384 1745 691 1809 5
2713 2765 53 111 9 19 0 60 -1 18 771 1110 1338 1495 5
2616 2849 34 106 11 26 42 469 0 179 1006 2164 390 2652 5
2479 2479 24 24 19 19 30 30 13 13 725 725 1597 1597 5
2707 2727 51 96 8 11 240 324 11 64 2047 2326 2081 2605 5
2585 2839 15 83 13 31 0 384 0 190 967 1379 350 1026 5
1872 2445 16 179 9 40 0 390 -21 214 85 1666 242 1451 5
1863 2459 13 168 9 31 0 459 -1 184 67 1710 0 1341 5
1939 2419 42 146 13 33 30 537 0 128 108 636 408 1253 5
2045 2331 20 136 16 35 30 268 0 152 60 1265 371 1179 5
1871 2435 0 359 10 41 0 450 -32 247 60 1176 577 1565 5
2241 2529 5 149 8 33 0 644 -6 170 268 1567 319 1560 5
1969 2511 0 358 9 39 0 603 -126 179 67 1639 124 1443 5
2273 2474 17 128 10 27 0 150 0 85 212 1299 1015 1273 5
2037 2319 13 104 10 31 0 30 -3 13 124 1606 192 1237 5
2076 2076 27 27 24 24 30 30 5 5 175 175 516 516 5
2360 2476 43 68 9 17 0 0 0 0 371 1181 685 1507 5
2353 2701 0 358 1 28 0 499 -30 132 0 2123 0 2672 5
2332 2548 24 335 3 20 0 150 -6 43 90 1514 150 1180 5
2344 2829 0 359 1 37 0 469 -44 181 0 3092 60 2902 5
2338 2779 0 359 1 35 0 503 -76 140 30 3078 95 2926 5
2424 2697 0 356 1 18 0 443 -11 96 484 2079 607 2872 5
2511 2871 0 359 9 31 0 485 -39 279 1140 1806 997 2173 5
2326 2450 0 358 1 29 0 90 -10 48 0 1150 85 1136 5
2353 2473 0 332 0 32 0 30 -11 6 553 1995 175 1340 5
2437 2687 0 359 0 27 0 210 -14 30 42 2613 595 2940 5
2394 2741 0 359 2 23 0 42 -11 15 382 2524 366 2418 5
2697 2763 0 331 4 12 0 30 0 5 800 1231 1319 1542 5
2467 2720 0 357 6 30 0 272 0 75 524 2171 511 2703 5
2622 2878 1 359 2 19 60 306 1 118 1110 1782 1668 2081 5
2688 2739 6 111 3 14 124 510 -4 107 1974 2547 1470 2697 5
2434 2847 2 359 9 37 0 503 -3 288 636 1448 270 1790 5
2868 2900 283 354 7 16 300 376 73 185 1698 1806 1630 1839 5
1886 2446 0 359 0 39 0 408 -40 196 60 1731 366 1463 5
1891 2500 1 359 1 35 0 564 0 286 90 1776 60 1215 5
2390 2406 4 356 10 13 443 564 96 125 510 631 960 1057 5
1874 2519 0 360 2 38 0 446 -29 241 67 1230 365 1790 5
2242 2563 0 359 0 28 0 636 -8 193 60 1648 42 1857 5
1972 2528 0 360 1 38 0 604 -126 208 153 1664 0 1719 5
2283 2481 0 359 1 25 0 459 -3 92 210 1320 914 1579 5
2012 2389 0 360 1 29 0 60 -11 22 216 1683 170 1463 5
2078 2080 13 34 10 19 0 30 0 0 192 212 484 499 5
2285 2480 2 358 4 24 0 67 -8 23 306 1478 170 1574 5
2215 2346 5 359 6 28 0 60 -8 19 497 1640 301 1068 5
3107 3208 319 344 35 42 330 360 111 212 454 571 2045 2096 6
3326 3421 311 329 31 35 210 351 1 114 3589 3797 3676 3845 6
3365 3465 324 346 34 41 234 335 112 188 930 1194 1454 1651 6
3387 3391 329 350 33 39 256 258 148 153 4530 4597 3985 4025 6
3139 3188 3 26 40 44 390 510 143 266 510 543 1932 2041 6
3380 3380 49 49 41 41 192 192 82 82 4151 4151 949 949 6
3239 3239 7 7 42 42 60 60 39 39 3060 3060 212 212 6
3230 3418 60 94 40 51 42 342 30 197 2001 2821 285 914 6
3170 3308 12 150 8 30 0 339 0 75 1932 3996 1379 3620 6
3126 3356 21 157 8 28 0 446 -44 113 1230 3715 1206 2940 6
3130 3340 2 159 8 39 150 666 3 278 480 2698 1201 2678 6
3376 3473 29 142 8 24 0 942 -28 240 1806 3377 1383 2512 6
3304 3476 23 107 10 39 0 212 -43 49 3050 3794 2093 2732 6
3207 3453 15 151 8 30 0 834 -29 99 1298 4690 1262 4061 6
3196 3498 19 158 9 38 0 811 -19 269 840 4209 1294 4168 6
3305 3619 16 159 9 38 67 592 -57 194 1734 4468 834 4176 6
3287 3379 56 166 11 29 0 418 0 102 551 1050 713 1328 6
3265 3307 73 108 16 21 0 210 -18 9 2387 2524 3803 4049 6
3284 3340 51 118 10 21 0 85 -13 21 2307 2486 3952 4093 6
3299 3470 31 163 8 26 0 990 -83 222 480 1739 0 1909 6
3371 3521 32 129 12 33 0 301 -34 117 1443 1856 1442 2047 6
3311 3628 30 165 8 35 42 1015 -36 220 601 2400 277 3969 6
2868 2990 140 174 19 30 510 752 197 324 2084 2438 1704 1947 6
3116 3310 3 160 10 37 0 417 -23 54 900 4224 182 3499 6
3100 3413 35 145 8 25 0 175 -29 27 1276 4652 870 4457 6
3260 3271 121 124 27 32 474 503 103 114 1084 1087 1148 1165 6
3202 3349 27 110 8 21 67 582 -44 136 495 3586 781 3217 6
3230 3414 16 137 8 36 170 778 15 214 1179 3900 408 3400 6
3137 3512 48 176 11 42 0 930 -39 239 832 4360 600 4287 6
3289 3289 96 96 9 9 446 446 19 19 3692 3692 1249 1249 6
3148 3520 21 167 8 35 0 201 -60 38 1328 3255 60 1170 6
3428 3445 135 163 13 22 1020 1100 79 96 3409 3464 871 934 6
3428 3476 24 121 9 22 361 752 79 127 2707 3526 1242 1442 6
3230 3445 29 153 8 20 0 854 -31 230 2172 4013 571 2282 6
3113 3467 1 359 8 48 0 932 -47 269 488 4747 30 4084 6
3239 3858 6 170 9 43 0 1121 -4 335 1090 5073 604 4414 6
3229 3235 260 349 2 11 0 30 0 1 3785 3823 4124 4152 6
3135 3331 0 351 0 23 0 696 -17 104 1919 4383 1464 3546 6
3131 3334 0 324 1 27 0 437 -47 94 1254 3979 1114 2970 6
3115 3340 0 357 4 33 60 570 1 256 451 2701 2014 2620 6
3369 3476 0 358 1 13 0 949 -6 243 1879 3510 1361 2483 6
3300 3449 0 352 3 20 0 258 -13 19 3210 3799 2133 2541 6
3180 3400 0 359 0 27 0 842 -53 125 1321 4725 1006 4146 6
3207 3435 0 359 0 32 0 558 -13 272 750 4488 1521 4184 6
3283 3474 0 359 0 23 0 957 -8 241 990 4459 1012 4213 6
3284 3355 84 195 6 26 0 175 -1 60 918 1099 1142 1332 6
3387 3423 332 355 24 32 324 384 142 181 908 972 1405 1471 6
3338 3341 27 62 6 7 30 60 -4 -2 2340 2352 4089 4119 6
3289 3436 0 359 1 19 0 892 -84 189 541 1765 30 1939 6
3292 3506 0 356 6 36 0 424 -3 214 964 1857 1388 2032 6
3388 3647 0 359 0 39 30 1082 -80 228 660 2165 295 2571 6
2893 2966 171 181 26 30 618 716 226 300 2155 2324 1749 1861 6
2895 2939 63 243 5 25 725 794 215 273 2133 2266 1718 1800 6
3299 3331 209 252 2 10 60 180 4 20 1087 1307 1465 1753 6
3150 3313 1 357 3 31 0 540 -12 50 1358 4698 67 3834 6
3221 3397 0 359 0 18 0 162 -17 31 2971 4658 2442 4495 6
3210 3364 0 360 10 30 42 1080 7 248 1860 4270 616 3636 6
3377 3435 241 302 9 26 967 1294 123 394 3715 4173 2516 2689 6
3300 3358 0 359 4 18 295 1187 17 222 644 3578 752 2624 6
3258 3436 0 359 0 27 30 797 5 212 685 3911 547 3439 6
3216 3508 90 315 4 32 0 1084 -7 267 2506 4602 503 4080 6
3278 3313 0 357 0 14 430 720 8 43 3632 3777 895 1282 6
3166 3503 0 359 0 29 0 484 -36 43 1412 5367 90 4589 6
3407 3461 153 185 10 20 883 1110 58 112 3293 3487 930 1236 6
3426 3482 18 167 5 16 366 882 77 133 2971 3522 1095 1465 6
3199 3505 0 359 0 25 0 1323 -26 303 1064 5341 212 4410 6
3169 3510 0 360 1 38 0 1320 -39 306 459 4914 192 4418 6
3218 3858 0 360 0 34 0 1275 -9 412 1300 5463 256 4508 6
