0.0526315789474 0.631578947368 0.0391304347826 0.560869565217 0.0294117647059 0.546218487395 0.047619047619 0.604761904762 0.0569948186528 0.621761658031 0.0628571428571 0.708571428571 0.179487179487 0.74358974359 0.1592039801 0.756218905473 0.175675675676 0.716216216216 0.0837209302326 0.627906976744 0.0642201834862 0.56880733945 0.0464135021097 0.485232067511 0.0708227682084 0.103173909242 0.21770682148 0.32801161103 0.16880891174 0.205533112988 0.279743661187 0.354973530231 0
0.331578947368 0.873684210526 0.282608695652 0.75652173913 0.273109243697 0.697478991597 0.319047619048 0.757142857143 0.331606217617 0.777202072539 0.36 0.828571428571 0.420512820513 0.820512820513 0.383084577114 0.781094527363 0.382882882883 0.792792792793 0.311627906977 0.753488372093 0.293577981651 0.729357798165 0.257383966245 0.662447257384 0.0751945440238 0.149514732884 0.2206095791 0.634252539913 0.424654180438 0.605826906598 0.32711061577 0.427417107829 0
0.178947368421 0.673684210526 0.134782608696 0.617391304348 0.151260504202 0.59243697479 0.180952380952 0.657142857143 0.19170984456 0.621761658031 0.171428571429 0.651428571429 0.271794871795 0.728205128205 0.268656716418 0.766169154229 0.297297297297 0.720720720721 0.204651162791 0.641860465116 0.169724770642 0.550458715596 0.135021097046 0.485232067511 0.0464282591589 0.088659613535 0.188679245283 0.291872278665 0.0962174072714 0.139796792753 0.189467818334 0.331011423795 0
0.373684210526 0.8 0.321739130435 0.669565217391 0.306722689076 0.642857142857 0.357142857143 0.738095238095 0.388601036269 0.782383419689 0.417142857143 0.834285714286 0.441025641026 0.841025641026 0.393034825871 0.8407960199 0.405405405405 0.828828828829 0.33488372093 0.776744186047 0.330275229358 0.743119266055 0.282700421941 0.649789029536 0.23957331468 0.294657689954 0.378809869376 0.467343976778 0.193291712572 0.248378014445 0.325717470047 0.419058233491 0
0.0789473684211 0.552631578947 0.0652173913043 0.5 0.0546218487395 0.487394957983 0.0714285714286 0.533333333333 0.0725388601036 0.549222797927 0.0857142857143 0.594285714286 0.2 0.676923076923 0.194029850746 0.696517412935 0.211711711712 0.662162162162 0.125581395349 0.576744186047 0.0917431192661 0.509174311927 0.0590717299578 0.430379746835 0.0935560024482 0.146891667395 0.233671988389 0.349782293179 0.166360631656 0.218998653446 0.279743661187 0.346614655893 0
0.4 0.842105263158 0.334782608696 0.695652173913 0.323529411765 0.659663865546 0.371428571429 0.742857142857 0.39378238342 0.787564766839 0.434285714286 0.851428571429 0.517948717949 0.85641025641 0.507462686567 0.850746268657 0.490990990991 0.806306306306 0.409302325581 0.739534883721 0.376146788991 0.715596330275 0.320675105485 0.645569620253 0.644399755181 0.718719944041 0.882438316401 1.0 0.632757987514 0.709878810136 0.728336584007 1.0 0
0.421052631579 0.715789473684 0.352173913043 0.6 0.336134453782 0.567226890756 0.395238095238 0.647619047619 0.435233160622 0.699481865285 0.457142857143 0.754285714286 0.533333333333 0.805128205128 0.517412935323 0.791044776119 0.5 0.761261261261 0.418604651163 0.693023255814 0.385321100917 0.655963302752 0.337552742616 0.57805907173 0.0795663198391 0.180991518755 0.149492017417 0.171262699565 0.193291712572 0.402619659689 0.416271942045 0.517971579827 0
0.294736842105 0.726315789474 0.252173913043 0.582608695652 0.231092436975 0.571428571429 0.266666666667 0.680952380952 0.279792746114 0.720207253886 0.291428571429 0.742857142857 0.333333333333 0.758974358974 0.283582089552 0.726368159204 0.297297297297 0.698198198198 0.227906976744 0.651162790698 0.224770642202 0.637614678899 0.2194092827 0.590717299578 0.372212992918 0.430007869196 0.501886792453 0.639912917271 0.291834985922 0.553066470804 0.298411813876 0.59793814433 0
0.384210526316 0.778947368421 0.317391304348 0.626086956522 0.298319327731 0.617647058824 0.347619047619 0.738095238095 0.362694300518 0.787564766839 0.382857142857 0.817142857143 0.420512820513 0.820512820513 0.383084577114 0.800995024876 0.373873873874 0.756756756757 0.311627906977 0.711627906977 0.311926605505 0.688073394495 0.295358649789 0.62447257384 0.24621841392 0.367753781586 0.168795355588 0.507982583454 0.27910392949 0.549149222671 0.271942045138 0.454304820284 0
0.178947368421 0.642105263158 0.15652173913 0.521739130435 0.138655462185 0.512605042017 0.171428571429 0.609523809524 0.170984455959 0.637305699482 0.171428571429 0.645714285714 0.287179487179 0.74358974359 0.179104477612 0.636815920398 0.184684684685 0.621621621622 0.125581395349 0.576744186047 0.128440366972 0.559633027523 0.130801687764 0.514767932489 0.203462446446 0.22584593862 0.321335268505 0.336865021771 0.177989962052 0.351328191945 0.117581499025 0.322373920312 0
0.473684210526 0.768421052632 0.408695652174 0.652173913043 0.378151260504 0.638655462185 0.414285714286 0.728571428571 0.414507772021 0.715025906736 0.428571428571 0.817142857143 0.471794871795 0.8 0.442786069652 0.751243781095 0.418918918919 0.707207207207 0.339534883721 0.646511627907 0.334862385321 0.637614678899 0.337552742616 0.586497890295 0.125907143482 0.19672991169 0.388969521045 0.499274310595 0.130860570449 0.293671195985 0.168292003344 0.304820284202 0
0.463157894737 0.773684210526 0.395652173913 0.652173913043 0.365546218487 0.638655462185 0.390476190476 0.742857142857 0.40414507772 0.79274611399 0.422857142857 0.834285714286 0.45641025641 0.815384615385 0.422885572139 0.766169154229 0.405405405405 0.725225225225 0.325581395349 0.66511627907 0.321100917431 0.655963302752 0.324894514768 0.607594936709 0.132552242721 0.204336801609 0.282002902758 0.348621190131 0.108948463704 0.194026196597 0.120507105043 0.169963778211 0
0.352631578947 0.868421052632 0.282608695652 0.708695652174 0.273109243697 0.693277310924 0.328571428571 0.8 0.352331606218 0.854922279793 0.371428571429 0.931428571429 0.389743589744 0.923076923077 0.373134328358 0.890547263682 0.355855855856 0.828828828829 0.279069767442 0.767441860465 0.284403669725 0.743119266055 0.274261603376 0.683544303797 0.210719594299 0.369589927429 0.174891146589 0.408127721335 0.151548537153 0.689802913453 0.115073836723 0.512538311507 0
0.405263157895 0.763157894737 0.321739130435 0.586956521739 0.306722689076 0.546218487395 0.371428571429 0.661904761905 0.445595854922 0.740932642487 0.451428571429 0.874285714286 0.553846153846 0.923076923077 0.547263681592 0.940298507463 0.585585585586 0.887387387387 0.437209302326 0.818604651163 0.389908256881 0.770642201835 0.333333333333 0.662447257384 0.193931975168 0.257759902072 0.188969521045 0.657184325109 0.0724690904639 0.1029501775 0.268877124547 0.410560044581 0
0.373684210526 0.805263157895 0.35652173913 0.660869565217 0.336134453782 0.634453781513 0.37619047619 0.747619047619 0.383419689119 0.787564766839 0.337142857143 0.811428571429 0.338461538462 0.789743589744 0.293532338308 0.73631840796 0.274774774775 0.693693693694 0.209302325581 0.632558139535 0.233944954128 0.637614678899 0.248945147679 0.616033755274 0.175745387777 0.302526886421 0.32801161103 0.415094339623 0.183498592239 0.325498837067 0.133463360267 0.148787963221 0
0.421052631579 0.757894736842 0.373913043478 0.669565217391 0.36974789916 0.651260504202 0.428571428571 0.728571428571 0.424870466321 0.704663212435 0.428571428571 0.737142857143 0.471794871795 0.764102564103 0.44776119403 0.73631840796 0.445945945946 0.716216216216 0.386046511628 0.693023255814 0.394495412844 0.701834862385 0.337552742616 0.607594936709 0.0533356649471 0.0725714785346 0.198838896952 0.265602322206 0.0990329293671 0.103929489534 0.123711340206 0.191975480635 0
0.336842105263 0.731578947368 0.317391304348 0.647826086957 0.310924369748 0.63025210084 0.347619047619 0.685714285714 0.321243523316 0.704663212435 0.24 0.685714285714 0.246153846154 0.646153846154 0.208955223881 0.592039800995 0.211711711712 0.567567567568 0.13023255814 0.525581395349 0.160550458716 0.536697247706 0.198312236287 0.535864978903 0.296668706829 0.342834659439 0.287808417997 0.650798258345 0.266984943077 0.353164402008 0.167038172193 0.234745054333 0
0.442105263158 0.763157894737 0.386956521739 0.634782608696 0.390756302521 0.634453781513 0.461904761905 0.757142857143 0.507772020725 0.839378238342 0.577142857143 0.868571428571 0.594871794872 0.825641025641 0.547263681592 0.766169154229 0.522522522523 0.725225225225 0.451162790698 0.679069767442 0.417431192661 0.660550458716 0.350210970464 0.607594936709 0.213342659788 0.315642213867 0.136429608128 0.213352685051 0.0769984086179 0.118619170033 0.166898857621 0.297854555587 0
0.163157894737 0.531578947368 0.126086956522 0.447826086957 0.109243697479 0.449579831933 0.147619047619 0.552380952381 0.170984455959 0.59067357513 0.177142857143 0.628571428571 0.282051282051 0.712820512821 0.293532338308 0.701492537313 0.315315315315 0.689189189189 0.218604651163 0.586046511628 0.174311926606 0.509174311927 0.143459915612 0.42194092827 0.0471277432893 0.0859491125295 0.066328011611 0.19564586357 0.0880156689925 0.152772677194 0.262468654221 0.381303984397 0
0.489473684211 0.731578947368 0.430434782609 0.634782608696 0.415966386555 0.613445378151 0.495238095238 0.714285714286 0.533678756477 0.756476683938 0.571428571429 0.8 0.6 0.794871794872 0.562189054726 0.751243781095 0.531531531532 0.707207207207 0.446511627907 0.632558139535 0.426605504587 0.614678899083 0.379746835443 0.561181434599 0.0652268951648 0.135962227857 0.253555878084 0.330333817126 0.128779532379 0.248990084466 0.106714962385 0.117163555308 0
0.336842105263 0.8 0.326086956522 0.678260869565 0.310924369748 0.638655462185 0.328571428571 0.7 0.269430051813 0.678756476684 0.165714285714 0.634285714286 0.153846153846 0.589743589744 0.109452736318 0.557213930348 0.135135135135 0.576576576577 0.106976744186 0.562790697674 0.165137614679 0.600917431193 0.210970464135 0.590717299578 0.213342659788 0.511497770394 0.394629898403 0.918577648766 0.146039906965 0.233198677929 0.115213151296 0.218305934801 0
0.415789473684 0.894736842105 0.339130434783 0.74347826087 0.327731092437 0.718487394958 0.380952380952 0.804761904762 0.414507772021 0.849740932642 0.451428571429 0.92 0.523076923077 0.923076923077 0.517412935323 0.870646766169 0.495495495495 0.828828828829 0.418604651163 0.809302325581 0.389908256881 0.793577981651 0.337552742616 0.713080168776 0.167963626825 0.182390487016 0.340203193033 0.449782293179 0.194393438609 0.41559554413 0.163694622458 0.325578155475 0
0.405263157895 0.752631578947 0.369565217391 0.669565217391 0.357142857143 0.659663865546 0.4 0.738095238095 0.40414507772 0.751295336788 0.382857142857 0.742857142857 0.430769230769 0.748717948718 0.373134328358 0.676616915423 0.369369369369 0.644144144144 0.297674418605 0.581395348837 0.298165137615 0.577981651376 0.286919831224 0.556962025316 0.214217014951 0.259683483431 0.343976777939 0.523947750363 0.173705471906 0.200636552822 0.254667038172 0.366118696016 0
0.431578947368 0.784210526316 0.35652173913 0.64347826087 0.352941176471 0.584033613445 0.395238095238 0.757142857143 0.414507772021 0.777202072539 0.468571428571 0.845714285714 0.523076923077 0.85641025641 0.52736318408 0.900497512438 0.477477477477 0.783783783784 0.362790697674 0.706976744186 0.385321100917 0.692660550459 0.341772151899 0.616033755274 0.193232491038 0.220337501093 0.267053701016 0.359941944848 0.264291834986 0.29734361611 0.269991641126 0.289495681248 0
0.368421052632 0.831578947368 0.273913043478 0.708695652174 0.239495798319 0.760504201681 0.271428571429 0.814285714286 0.336787564767 0.844559585492 0.422857142857 0.948571428571 0.502564102564 0.876923076923 0.442786069652 0.855721393035 0.436936936937 0.801801801802 0.339534883721 0.720930232558 0.293577981651 0.738532110092 0.26582278481 0.658227848101 0.0988021334266 0.190609425549 0.208998548621 0.358490566038 0.445464561146 0.521361243726 0.350794093062 0.453886876567 0
0.426315789474 0.936842105263 0.360869565217 0.769565217391 0.31512605042 0.756302521008 0.338095238095 0.8 0.383419689119 0.854922279793 0.44 0.897142857143 0.487179487179 0.917948717949 0.462686567164 0.930348258706 0.463963963964 0.887387387387 0.404651162791 0.846511627907 0.380733944954 0.811926605505 0.320675105485 0.746835443038 0.107545685057 0.146017312232 0.323657474601 0.518142235123 0.112498469825 0.278981515485 0.133463360267 0.246308163834 0
0.4 0.931578947368 0.317391304348 0.769565217391 0.294117647059 0.760504201681 0.357142857143 0.833333333333 0.39378238342 0.901554404145 0.417142857143 0.965714285714 0.482051282051 0.974358974359 0.487562189055 0.970149253731 0.463963963964 0.918918918919 0.395348837209 0.855813953488 0.366972477064 0.825688073394 0.324894514768 0.729957805907 0.141645536417 0.169624901635 0.384615384615 0.537010159652 0.263067694944 0.369567878565 0.352187238785 0.405126776261 0
0.00526315789474 0.384210526316 0.0 0.308695652174 0.0 0.281512605042 0.00952380952381 0.32380952381 0.00518134715026 0.341968911917 0.0 0.365714285714 0.0974358974359 0.415384615385 0.0845771144279 0.422885572139 0.103603603604 0.45045045045 0.0325581395349 0.395348837209 0.0275229357798 0.371559633028 0.0168776371308 0.316455696203 0.135699921308 0.184926116989 0.360522496372 0.497822931785 0.116538131962 0.256702166728 0.241292839231 0.379353580385 0
0.431578947368 0.936842105263 0.347826086957 0.773913043478 0.336134453782 0.743697478992 0.385714285714 0.828571428571 0.40932642487 0.891191709845 0.445714285714 0.96 0.502564102564 0.979487179487 0.482587064677 0.995024875622 0.481981981982 0.963963963964 0.413953488372 0.902325581395 0.399082568807 0.848623853211 0.350210970464 0.751054852321 0.116988720818 0.122234851797 0.269956458636 0.387808417997 0.161831313502 0.307259150447 0.235023683477 0.359292281973 0
0.389473684211 0.873684210526 0.313043478261 0.708695652174 0.298319327731 0.680672268908 0.347619047619 0.780952380952 0.383419689119 0.860103626943 0.422857142857 0.914285714286 0.482051282051 0.902564102564 0.44776119403 0.900497512438 0.436936936937 0.887387387387 0.367441860465 0.837209302326 0.353211009174 0.807339449541 0.31223628692 0.708860759494 0.113753606715 0.146804231879 0.233381712627 0.301306240929 0.171012363814 0.299179826172 0.281694065199 0.322652549457 0
0.447368421053 0.9 0.369565217391 0.739130434783 0.348739495798 0.701680672269 0.395238095238 0.790476190476 0.430051813472 0.829015544041 0.462857142857 0.817142857143 0.528205128205 0.815384615385 0.492537313433 0.81592039801 0.477477477477 0.806306306306 0.409302325581 0.781395348837 0.403669724771 0.798165137615 0.367088607595 0.725738396624 0.0979277782635 0.167876191309 0.21770682148 0.783744557329 0.0978087893255 0.795568613049 0.123711340206 0.137642797437 0
0.394736842105 0.815789473684 0.339130434783 0.64347826087 0.323529411765 0.617647058824 0.37619047619 0.709523809524 0.40414507772 0.766839378238 0.44 0.84 0.512820512821 0.871794871795 0.452736318408 0.800995024876 0.436936936937 0.752252252252 0.395348837209 0.720930232558 0.357798165138 0.724770642202 0.308016877637 0.645569620253 0.209845239136 0.237824604354 0.397677793904 0.465892597968 0.0733259884931 0.307136736443 0.101421008638 0.315965449986 0
0.426315789474 0.905263157895 0.347826086957 0.74347826087 0.327731092437 0.714285714286 0.385714285714 0.809523809524 0.414507772021 0.875647668394 0.451428571429 0.931428571429 0.507692307692 0.948717948718 0.477611940299 0.955223880597 0.472972972973 0.927927927928 0.404651162791 0.86976744186 0.389908256881 0.821100917431 0.345991561181 0.725738396624 0.0938183089971 0.120398705954 0.236284470247 0.374165457184 0.20235034888 0.300648794222 0.283087210922 0.359431596545 0
0.415789473684 0.915789473684 0.339130434783 0.752173913043 0.323529411765 0.726890756303 0.37619047619 0.82380952381 0.40414507772 0.870466321244 0.434285714286 0.868571428571 0.487179487179 0.825641025641 0.44776119403 0.825870646766 0.441441441441 0.828828828829 0.381395348837 0.8 0.371559633028 0.807339449541 0.333333333333 0.738396624473 0.120398705954 0.139984261607 0.257619738752 0.555732946299 0.171624433835 0.732158158893 0.207300083589 0.238506547785 0
0.410526315789 0.905263157895 0.339130434783 0.747826086957 0.323529411765 0.718487394958 0.371428571429 0.804761904762 0.39896373057 0.865284974093 0.434285714286 0.931428571429 0.507692307692 0.902564102564 0.497512437811 0.8407960199 0.481981981982 0.806306306306 0.404651162791 0.781395348837 0.376146788991 0.784403669725 0.333333333333 0.717299578059 0.14654192533 0.185013552505 0.337155297533 0.49564586357 0.579263067695 0.837311788469 0.335190860964 0.470047366955 0
0.5 0.847368421053 0.413043478261 0.695652173913 0.403361344538 0.676470588235 0.457142857143 0.766666666667 0.481865284974 0.80829015544 0.531428571429 0.885714285714 0.594871794872 0.892307692308 0.582089552239 0.850746268657 0.54954954955 0.810810810811 0.483720930233 0.795348837209 0.45871559633 0.775229357798 0.405063291139 0.683544303797 0.235288974381 0.253562997289 0.393759071118 0.523802612482 0.140776104786 0.377524788836 0.100445806631 0.42560601839 0
0.410526315789 0.857894736842 0.339130434783 0.7 0.319327731092 0.672268907563 0.37619047619 0.771428571429 0.414507772021 0.854922279793 0.445714285714 0.92 0.507692307692 0.928205128205 0.487562189055 0.940298507463 0.490990990991 0.927927927928 0.413953488372 0.86511627907 0.385321100917 0.802752293578 0.337552742616 0.696202531646 0.128530208971 0.149164990819 0.238896952104 0.303338171263 0.0923001591382 0.161096829477 0.195597659515 0.256478127612 0
0.426315789474 0.842105263158 0.352173913043 0.695652173913 0.340336134454 0.672268907563 0.395238095238 0.757142857143 0.424870466321 0.80310880829 0.457142857143 0.868571428571 0.528205128205 0.887179487179 0.507462686567 0.845771144279 0.490990990991 0.806306306306 0.418604651163 0.762790697674 0.394495412844 0.738532110092 0.345991561181 0.670886075949 0.141120923319 0.168663110956 0.318577648766 0.416835994194 0.196352062676 0.42734728853 0.185567010309 0.268180551686 0
0.457894736842 0.926315789474 0.369565217391 0.75652173913 0.352941176471 0.731092436975 0.409523809524 0.828571428571 0.440414507772 0.896373056995 0.474285714286 0.96 0.533333333333 0.969230769231 0.507462686567 0.975124378109 0.504504504505 0.945945945946 0.432558139535 0.883720930233 0.412844036697 0.839449541284 0.367088607595 0.746835443038 0.0967911165515 0.131940194107 0.243976777939 0.435849056604 0.232219365895 0.319622964867 0.337001950404 0.41473948175 0
0.457894736842 0.847368421053 0.373913043478 0.695652173913 0.352941176471 0.659663865546 0.404761904762 0.738095238095 0.435233160622 0.79792746114 0.474285714286 0.885714285714 0.553846153846 0.928205128205 0.532338308458 0.940298507463 0.518018018018 0.887387387387 0.441860465116 0.823255813953 0.422018348624 0.770642201835 0.367088607595 0.675105485232 0.134213517531 0.207484480196 0.269956458636 0.5 0.0740604725181 0.125964010283 0.177904708833 0.31499024798 0
0.442105263158 0.889473684211 0.360869565217 0.74347826087 0.344537815126 0.72268907563 0.395238095238 0.809523809524 0.430051813472 0.849740932642 0.474285714286 0.885714285714 0.548717948718 0.866666666667 0.537313432836 0.81592039801 0.509009009009 0.779279279279 0.432558139535 0.748837209302 0.403669724771 0.756880733945 0.354430379747 0.713080168776 0.154848299379 0.179767421527 0.283164005806 0.442235123367 0.37177133064 0.561268209083 0.157286152132 0.211340206186 0
0.389473684211 0.910526315789 0.317391304348 0.760869565217 0.306722689076 0.726890756303 0.361904761905 0.814285714286 0.388601036269 0.875647668394 0.422857142857 0.948571428571 0.502564102564 0.938461538462 0.482587064677 0.880597014925 0.468468468468 0.851351351351 0.386046511628 0.813953488372 0.357798165138 0.807339449541 0.31223628692 0.729957805907 0.131328145493 0.174521290548 0.356458635704 0.384179970972 0.337250581467 0.450728363325 0.315408191697 0.417943716913 0
0.436842105263 0.8 0.382608695652 0.673913043478 0.361344537815 0.642857142857 0.428571428571 0.747619047619 0.445595854922 0.80829015544 0.48 0.885714285714 0.533333333333 0.902564102564 0.497512437811 0.870646766169 0.486486486486 0.81981981982 0.4 0.767441860465 0.376146788991 0.729357798165 0.329113924051 0.649789029536 0.215965725278 0.25758503104 0.323657474601 0.429317851959 0.247153874403 0.30175052026 0.237392031206 0.296322095291 0
0.442105263158 0.821052631579 0.395652173913 0.708695652174 0.373949579832 0.680672268908 0.433333333333 0.757142857143 0.450777202073 0.79274611399 0.474285714286 0.828571428571 0.512820512821 0.810256410256 0.47263681592 0.756218905473 0.45045045045 0.707207207207 0.376744186047 0.660465116279 0.366972477064 0.660550458716 0.337552742616 0.62447257384 0.194019410685 0.279968523214 0.364441219158 0.462844702467 0.584894111886 0.63263557351 0.464892727779 0.614655893006 0
0.442105263158 0.810526315789 0.378260869565 0.678260869565 0.357142857143 0.642857142857 0.419047619048 0.738095238095 0.445595854922 0.79792746114 0.491428571429 0.88 0.548717948718 0.892307692308 0.522388059701 0.860696517413 0.513513513514 0.806306306306 0.423255813953 0.744186046512 0.394495412844 0.720183486239 0.345991561181 0.654008438819 0.23957331468 0.318265279356 0.435123367199 0.521625544267 0.1147019219 0.228057289754 0.113402061856 0.388687656729 0
0.436842105263 0.794736842105 0.369565217391 0.669565217391 0.348739495798 0.63025210084 0.409523809524 0.728571428571 0.445595854922 0.80310880829 0.491428571429 0.897142857143 0.553846153846 0.912820512821 0.532338308458 0.865671641791 0.518018018018 0.815315315315 0.437209302326 0.767441860465 0.399082568807 0.733944954128 0.345991561181 0.658227848101 0.155285476961 0.218851097316 0.19114658926 0.285631349782 0.103439833517 0.144815766924 0.10337141265 0.212315408192 0
0.473684210526 0.810526315789 0.395652173913 0.669565217391 0.378151260504 0.626050420168 0.438095238095 0.738095238095 0.481865284974 0.813471502591 0.531428571429 0.908571428571 0.579487179487 0.923076923077 0.557213930348 0.885572139303 0.527027027027 0.824324324324 0.446511627907 0.758139534884 0.422018348624 0.743119266055 0.362869198312 0.654008438819 0.165078254787 0.264754743377 0.303773584906 0.36023222061 0.223650385604 0.264781491003 0.176929506826 0.278907773753 0
0.442105263158 0.805263157895 0.382608695652 0.678260869565 0.357142857143 0.638655462185 0.419047619048 0.742857142857 0.455958549223 0.80310880829 0.502857142857 0.897142857143 0.558974358974 0.912820512821 0.52736318408 0.875621890547 0.504504504505 0.81981981982 0.427906976744 0.758139534884 0.399082568807 0.720183486239 0.350210970464 0.645569620253 0.0928565183177 0.125032788319 0.20145137881 0.276052249637 0.172970987881 0.235157301995 0.231262190025 0.310810810811 0
0.436842105263 0.789473684211 0.378260869565 0.660869565217 0.373949579832 0.642857142857 0.42380952381 0.738095238095 0.445595854922 0.80310880829 0.462857142857 0.862857142857 0.523076923077 0.871794871795 0.482587064677 0.825870646766 0.472972972973 0.779279279279 0.4 0.716279069767 0.376146788991 0.683486238532 0.333333333333 0.616033755274 0.296843577861 0.411821281805 0.235994194485 0.467489114659 0.138450238707 0.147753703024 0.212733351909 0.362914460853 0
0.473684210526 0.826315789474 0.391304347826 0.678260869565 0.373949579832 0.651260504202 0.419047619048 0.742857142857 0.450777202073 0.823834196891 0.474285714286 0.868571428571 0.528205128205 0.851282051282 0.507462686567 0.845771144279 0.504504504505 0.842342342342 0.437209302326 0.786046511628 0.417431192661 0.756880733945 0.37552742616 0.670886075949 0.106671329894 0.11104310571 0.198838896952 0.322206095791 0.188395152405 0.372016158649 0.194761772081 0.236556143773 0
0.426315789474 0.8 0.373913043478 0.669565217391 0.357142857143 0.634453781513 0.404761904762 0.728571428571 0.430051813472 0.782383419689 0.451428571429 0.851428571429 0.507692307692 0.866666666667 0.477611940299 0.81592039801 0.45045045045 0.77027027027 0.376744186047 0.702325581395 0.348623853211 0.683486238532 0.316455696203 0.62447257384 0.240447669843 0.331380606802 0.280116110305 0.577648766328 0.217774513404 0.292447055943 0.293675118417 0.314572304263 0
0.357894736842 0.763157894737 0.330434782609 0.652173913043 0.31512605042 0.626050420168 0.371428571429 0.719047619048 0.39378238342 0.740932642487 0.4 0.754285714286 0.441025641026 0.753846153846 0.417910447761 0.716417910448 0.387387387387 0.675675675676 0.302325581395 0.623255813953 0.293577981651 0.614678899083 0.278481012658 0.57805907173 0.161405963102 0.248404301827 0.202757619739 0.334542815675 0.106500183621 0.20235034888 0.137085539147 0.249373084425 0
0.363157894737 0.747368421053 0.35652173913 0.65652173913 0.348739495798 0.626050420168 0.395238095238 0.704761904762 0.378238341969 0.709844559585 0.342857142857 0.708571428571 0.384615384615 0.702564102564 0.328358208955 0.646766169154 0.315315315315 0.621621621622 0.237209302326 0.567441860465 0.247706422018 0.577981651376 0.253164556962 0.556962025316 0.155460347993 0.256885546909 0.175907111756 0.435994194485 0.122903660179 0.197331374709 0.119810532182 0.212454722764 0
0.415789473684 0.763157894737 0.35652173913 0.660869565217 0.344537815126 0.638655462185 0.4 0.728571428571 0.435233160622 0.766839378238 0.474285714286 0.788571428571 0.523076923077 0.794871794872 0.497512437811 0.746268656716 0.468468468468 0.693693693694 0.386046511628 0.623255813953 0.362385321101 0.610091743119 0.324894514768 0.569620253165 0.272536504328 0.330331380607 0.502322206096 0.62206095791 0.288774635818 0.408250703881 0.34159933129 0.53747561995 0
0.463157894737 0.773684210526 0.395652173913 0.652173913043 0.365546218487 0.638655462185 0.390476190476 0.742857142857 0.40414507772 0.79274611399 0.422857142857 0.834285714286 0.45641025641 0.815384615385 0.422885572139 0.766169154229 0.405405405405 0.725225225225 0.325581395349 0.66511627907 0.321100917431 0.655963302752 0.324894514768 0.607594936709 0.132552242721 0.204336801609 0.282002902758 0.348621190131 0.108948463704 0.194026196597 0.120507105043 0.169963778211 0
0.436842105263 0.831578947368 0.373913043478 0.708695652174 0.352941176471 0.68487394958 0.390476190476 0.780952380952 0.39896373057 0.829015544041 0.388571428571 0.868571428571 0.405128205128 0.851282051282 0.348258706468 0.805970149254 0.342342342342 0.756756756757 0.274418604651 0.693023255814 0.298165137615 0.683486238532 0.31223628692 0.632911392405 0.0874355163067 0.157383929352 0.275761973875 0.298984034833 0.0782225486596 0.167584771698 0.100027862914 0.204513792143 0
0.368421052632 0.742105263158 0.295652173913 0.65652173913 0.27731092437 0.659663865546 0.314285714286 0.785714285714 0.341968911917 0.854922279793 0.382857142857 0.891428571429 0.492307692308 0.851282051282 0.497512437811 0.791044776119 0.477477477477 0.747747747748 0.395348837209 0.683720930233 0.366972477064 0.660550458716 0.31223628692 0.57805907173 0.128617644487 0.386202675527 0.0631349782293 0.179535558781 0.373607540703 0.537397478272 0.54653106715 0.832961827807 0
0.442105263158 0.778947368421 0.404347826087 0.673913043478 0.411764705882 0.663865546218 0.457142857143 0.780952380952 0.507772020725 0.849740932642 0.548571428571 0.914285714286 0.610256410256 0.933333333333 0.572139303483 0.890547263682 0.531531531532 0.828828828829 0.441860465116 0.744186046512 0.408256880734 0.697247706422 0.35864978903 0.620253164557 0.0807904170674 0.190871732098 0.187227866473 0.293178519594 0.184845146285 0.235646958012 0.238924491502 0.379632209529 0
0.510526315789 0.484210526316 0.6 0.417391304348 0.609243697479 0.558823529412 0.457142857143 0.4 0.689119170984 0.461139896373 0.748571428571 0.765714285714 0.517948717949 0.512820512821 0.800995024876 0.492537313433 0.756756756757 0.752252252252 0.437209302326 0.511627906977 0.706422018349 0.440366972477 0.599156118143 0.628691983122 0.126956369677 0.148815248754 0.327721335269 0.424818577649 0.0861794589301 0.216427959359 0.153385344107 0.402897743104 0
0.310526315789 0.278947368421 0.547826086957 0.25652173913 0.542016806723 0.533613445378 0.242857142857 0.233333333333 0.694300518135 0.259067357513 0.742857142857 0.748571428571 0.333333333333 0.282051282051 0.766169154229 0.273631840796 0.698198198198 0.792792792793 0.241860465116 0.325581395349 0.729357798165 0.270642201835 0.662447257384 0.594936708861 0.0828888694588 0.0995890530734 0.181712626996 0.385486211901 0.0907087770841 0.239441792141 0.0984954026191 0.259821677347 0
0.431578947368 0.415789473684 0.673913043478 0.360869565217 0.659663865546 0.647058823529 0.380952380952 0.357142857143 0.834196891192 0.39896373057 0.891428571429 0.937142857143 0.476923076923 0.451282051282 0.985074626866 0.437810945274 0.878378378378 0.968468468468 0.376744186047 0.437209302326 0.839449541284 0.376146788991 0.772151898734 0.68776371308 0.240272798811 0.344670805281 0.495500725689 0.590420899855 0.13587954462 0.287917737789 0.293953747562 0.661326274728 0
0.342105263158 0.347368421053 0.304347826087 0.726086956522 0.655462184874 0.638655462185 0.347619047619 0.319047619048 0.383419689119 0.787564766839 0.885714285714 0.914285714286 0.466666666667 0.446153846154 0.437810945274 0.935323383085 0.873873873874 0.891891891892 0.33488372093 0.33023255814 0.307339449541 0.775229357798 0.696202531646 0.700421940928 0.173472064353 0.349304887645 0.398258345428 0.589550072569 0.160362345452 0.186069286326 0.154081916969 0.194483142937 0
0.405263157895 0.442105263158 0.639130434783 0.369565217391 0.575630252101 0.617647058824 0.428571428571 0.37619047619 0.694300518135 0.39896373057 0.84 0.708571428571 0.466666666667 0.425641025641 0.661691542289 0.422885572139 0.63963963964 0.635135135135 0.339534883721 0.390697674419 0.591743119266 0.334862385321 0.485232067511 0.556962025316 0.0812275946489 0.0996764885897 0.166328011611 0.427866473149 0.166238217652 0.307626392459 0.154639175258 0.168570632488 0
0.373684210526 0.821052631579 0.695652173913 0.308695652174 0.289915966387 0.705882352941 0.342857142857 0.861904761905 0.917098445596 0.367875647668 0.4 0.988571428571 0.45641025641 0.876923076923 0.880597014925 0.383084577114 0.400900900901 0.824324324324 0.316279069767 0.762790697674 0.715596330275 0.330275229358 0.261603375527 0.645569620253 0.160181865874 0.264317565795 0.101306240929 0.140348330914 0.0941363692006 0.220957277513 0.200055725829 0.328085817777 0
0.436842105263 0.742105263158 0.608695652174 0.373913043478 0.344537815126 0.626050420168 0.433333333333 0.742857142857 0.80829015544 0.466321243523 0.52 0.851428571429 0.548717948718 0.805128205128 0.820895522388 0.557213930348 0.490990990991 0.747747747748 0.451162790698 0.697674418605 0.660550458716 0.412844036697 0.367088607595 1.0 0.160356736907 0.270787794002 0.0979680696662 0.226269956459 0.108213979679 0.320479862896 0.15296740039 0.40025076623 0
0.236842105263 0.684210526316 0.55652173913 0.191304347826 0.18487394958 0.588235294118 0.219047619048 0.728571428571 0.772020725389 0.243523316062 0.274285714286 0.8 0.338461538462 0.728205128205 0.741293532338 0.278606965174 0.292792792793 0.693693693694 0.223255813953 0.651162790698 0.591743119266 0.224770642202 0.168776371308 0.540084388186 0.203375010929 0.315554778351 0.103047895501 0.187518142235 0.113355367854 0.235769372016 0.132070214544 0.391334633603 0
0.373684210526 0.736842105263 0.595652173913 0.313043478261 0.294117647059 0.634453781513 0.347619047619 0.757142857143 0.813471502591 0.367875647668 0.405714285714 0.828571428571 0.446153846154 0.820512820513 0.810945273632 0.432835820896 0.418918918919 0.779279279279 0.339534883721 0.720930232558 0.669724770642 0.344036697248 0.278481012658 0.594936708861 0.20809652881 0.343621579085 0.258055152395 0.384034833091 0.103439833517 0.364548904395 0.147394817498 0.39175257732 0
0.368421052632 0.8 0.652173913043 0.304347826087 0.281512605042 0.676470588235 0.333333333333 0.804761904762 0.875647668394 0.367875647668 0.388571428571 0.908571428571 0.446153846154 0.846153846154 0.835820895522 0.402985074627 0.400900900901 0.788288288288 0.320930232558 0.758139534884 0.701834862385 0.233944954128 0.274261603376 0.620253164557 0.175395645711 0.279094168051 0.148040638607 0.208563134978 0.124984698249 0.28559187171 0.18500975202 0.43953747562 0
0.347368421053 0.826315789474 0.7 0.295652173913 0.27731092437 0.680672268908 0.333333333333 0.738095238095 0.813471502591 0.347150259067 0.382857142857 0.845714285714 0.441025641026 0.866666666667 0.850746268657 0.402985074627 0.382882882883 0.851351351351 0.316279069767 0.8 0.752293577982 0.316513761468 0.257383966245 0.670886075949 0.167963626825 0.247617382181 0.380406386067 0.415965166909 0.21263312523 0.232096951891 0.29019225411 0.398021733073 0
0.394736842105 0.821052631579 0.369565217391 0.730434782609 0.357142857143 0.705882352941 0.4 0.780952380952 0.367875647668 0.766839378238 0.297142857143 0.725714285714 0.276923076923 0.687179487179 0.208955223881 0.63184079602 0.225225225225 0.603603603604 0.158139534884 0.567441860465 0.188073394495 0.582568807339 0.227848101266 0.586497890295 0.124595610737 0.190172247967 0.0732946298984 0.193178519594 0.0576569959603 0.0610845880769 0.0741153524659 0.14446921148 1
0.484210526316 0.831578947368 0.395652173913 0.691304347826 0.373949579832 0.672268907563 0.419047619048 0.757142857143 0.388601036269 0.777202072539 0.342857142857 0.788571428571 0.379487179487 0.769230769231 0.328358208955 0.731343283582 0.351351351351 0.720720720721 0.339534883721 0.697674418605 0.362385321101 0.711009174312 0.35864978903 0.679324894515 0.147678587042 0.209495497071 0.221770682148 0.372278664731 0.0887501530175 0.214836577304 0.0703538590137 0.144051267763 1
0.373684210526 0.884210526316 0.295652173913 0.717391304348 0.27731092437 0.701680672269 0.333333333333 0.795238095238 0.316062176166 0.80829015544 0.268571428571 0.794285714286 0.292307692308 0.769230769231 0.238805970149 0.751243781095 0.238738738739 0.761261261261 0.186046511628 0.776744186047 0.220183486239 0.807339449541 0.248945147679 0.776371308017 0.180904083239 0.251551980414 0.246298984035 0.326269956459 0.0782225486596 0.218019341413 0.0596266369462 0.116466982446 1
0.421052631579 0.826315789474 0.34347826087 0.695652173913 0.323529411765 0.676470588235 0.371428571429 0.780952380952 0.40414507772 0.829015544041 0.44 0.897142857143 0.528205128205 0.902564102564 0.517412935323 0.865671641791 0.509009009009 0.810810810811 0.423255813953 0.739534883721 0.408256880734 0.715596330275 0.337552742616 0.658227848101 0.240447669843 0.29640640028 0.404934687954 0.506531204644 0.136981270657 0.315705716734 0.18500975202 0.491501811089 1
0.410526315789 0.857894736842 0.347826086957 0.747826086957 0.327731092437 0.710084033613 0.366666666667 0.780952380952 0.39378238342 0.818652849741 0.445714285714 0.897142857143 0.533333333333 0.964102564103 0.52736318408 0.990049751244 0.513513513514 0.923423423423 0.427906976744 0.837209302326 0.385321100917 0.766055045872 0.324894514768 0.675105485232 0.160881350004 0.213342659788 0.364296081277 0.547169811321 0.0537397478272 0.144326110907 0.219838395096 0.460852605183 1
0.168421052632 0.521052631579 0.139130434783 0.452173913043 0.13025210084 0.441176470588 0.147619047619 0.504761904762 0.155440414508 0.512953367876 0.171428571429 0.531428571429 0.271794871795 0.605128205128 0.273631840796 0.606965174129 0.288288288288 0.581081081081 0.204651162791 0.497674418605 0.169724770642 0.45871559633 0.126582278481 0.409282700422 0.0559587304363 0.0612048614147 0.101596516691 0.165457184325 0.0659811482434 0.0978087893255 0.154360546113 0.187796043466 1
0.0842105263158 0.652631578947 0.0652173913043 0.569565217391 0.063025210084 0.546218487395 0.0761904761905 0.6 0.0829015544041 0.60621761658 0.0971428571429 0.668571428571 0.194871794872 0.723076923077 0.194029850746 0.731343283582 0.216216216216 0.702702702703 0.13023255814 0.627906976744 0.105504587156 0.56880733945 0.0717299578059 0.497890295359 0.0883098714698 0.122409722829 0.169811320755 0.264150943396 0.0794466887012 0.114946749908 0.173864586236 0.275564224018 1
0.568421052632 0.789473684211 0.486956521739 0.65652173913 0.466386554622 0.638655462185 0.509523809524 0.742857142857 0.528497409326 0.782383419689 0.582857142857 0.828571428571 0.630769230769 0.830769230769 0.592039800995 0.796019900498 0.563063063063 0.756756756757 0.488372093023 0.702325581395 0.48623853211 0.688073394495 0.447257383966 0.62447257384 0.109294395383 0.132901984786 0.21915820029 0.399129172714 0.0561880279104 0.159015791407 0.0303705767623 0.168292003344 1
0.410526315789 0.968421052632 0.339130434783 0.847826086957 0.352941176471 0.861344537815 0.452380952381 1.0 0.492227979275 1.0 0.497142857143 0.977142857143 0.528205128205 0.923076923077 0.507462686567 0.880597014925 0.495495495495 0.851351351351 0.423255813953 0.823255813953 0.394495412844 0.821100917431 0.345991561181 0.751054852321 0.0 0.0218588790767 0.011611030479 0.348330914369 0.424654180438 0.5617578651 0.137642797437 0.269991641126 1
0.557894736842 0.763157894737 0.469565217391 0.634782608696 0.453781512605 0.621848739496 0.519047619048 0.719047619048 0.533678756477 0.766839378238 0.588571428571 0.811428571429 0.630769230769 0.820512820513 0.601990049751 0.781094527363 0.563063063063 0.738738738739 0.488372093023 0.683720930233 0.477064220183 0.665137614679 0.438818565401 0.607594936709 0.158258284515 0.163504415494 0.303338171263 0.426705370102 0.0463949075774 0.171257191823 0.0317637224854 0.180830314851 1
0.263157894737 0.678947368421 0.217391304348 1.0 0.210084033613 1.0 0.252380952381 0.714285714286 0.284974093264 0.772020725389 0.32 0.845714285714 0.394871794872 0.887179487179 0.402985074627 0.905472636816 0.418918918919 0.86036036036 0.348837209302 0.762790697674 0.270642201835 0.674311926606 0.223628691983 0.573839662447 0.35061642039 0.440675002186 0.541364296081 0.647314949202 0.0782225486596 0.193291712572 0.314572304263 0.87183059348 1
0.0 0.505263157895 0.0217391304348 0.413043478261 0.00840336134454 0.399159663866 0.0 0.461904761905 0.0 0.487046632124 0.0171428571429 0.514285714286 0.123076923077 0.558974358974 0.089552238806 0.562189054726 0.112612612613 0.572072072072 0.0 0.548837209302 0.0 0.522935779817 0.0042194092827 0.42194092827 0.159744688292 0.259683483431 0.209433962264 0.547460087083 0.025706940874 0.0692863263557 0.0561437726386 0.456951797158 1
0.4 0.805263157895 0.330434782609 0.665217391304 0.310924369748 0.634453781513 0.357142857143 0.72380952381 0.383419689119 0.766839378238 0.417142857143 0.828571428571 0.476923076923 0.902564102564 0.452736318408 0.915422885572 0.436936936937 0.887387387387 0.376744186047 0.832558139535 0.380733944954 0.784403669725 0.320675105485 0.662447257384 0.34563259596 0.394071871994 0.462989840348 0.746444121916 0.0314603990697 0.195372750643 0.0540540540541 0.540261911396 1
0.163157894737 0.652631578947 0.121739130435 0.539130434783 0.117647058824 0.521008403361 0.147619047619 0.595238095238 0.139896373057 0.621761658031 0.148571428571 0.674285714286 0.194871794872 0.748717948718 0.149253731343 0.800995024876 0.18018018018 0.815315315315 0.116279069767 0.767441860465 0.133027522936 0.674311926606 0.122362869198 0.535864978903 0.234064877153 0.311008131503 0.340348330914 0.636574746009 0.0323172970988 0.0975639613172 0.0402619113959 0.454444134857 1
0.394736842105 0.815789473684 0.313043478261 0.630434782609 0.298319327731 0.617647058824 0.352380952381 0.742857142857 0.341968911917 0.80310880829 0.371428571429 0.84 0.410256410256 0.835897435897 0.393034825871 0.81592039801 0.36036036036 0.806306306306 0.279069767442 0.823255813953 0.284403669725 0.825688073394 0.278481012658 0.708860759494 0.262831162018 0.284952347644 0.284615384615 0.388098693759 0.0798139307137 0.23736075407 0.0511284480357 0.232655335748 1
0.347368421053 0.915789473684 0.304347826087 0.773913043478 0.289915966387 0.752100840336 0.32380952381 0.866666666667 0.326424870466 0.891191709845 0.28 0.857142857143 0.292307692308 0.805128205128 0.26368159204 0.791044776119 0.274774774775 0.77027027027 0.209302325581 0.739534883721 0.215596330275 0.733944954128 0.232067510549 0.679324894515 0.0331380606802 0.048176969485 0.0969521044993 0.138751814224 0.0582690659811 0.0980536173338 0.0808024519365 0.208971858456 1
0.389473684211 0.805263157895 0.330434782609 0.7 0.310924369748 0.680672268908 0.361904761905 0.77619047619 0.367875647668 0.823834196891 0.348571428571 0.874285714286 0.374358974359 0.851282051282 0.333333333333 0.810945273632 0.333333333333 0.761261261261 0.26511627907 0.702325581395 0.270642201835 0.688073394495 0.274261603376 0.620253164557 0.106758765411 0.139372212993 0.101306240929 0.227576197388 0.0694087403599 0.103072591504 0.073279465032 0.259821677347 1
0.436842105263 0.831578947368 0.373913043478 0.708695652174 0.352941176471 0.68487394958 0.390476190476 0.780952380952 0.39896373057 0.829015544041 0.388571428571 0.868571428571 0.405128205128 0.851282051282 0.348258706468 0.805970149254 0.342342342342 0.756756756757 0.274418604651 0.693023255814 0.298165137615 0.683486238532 0.31223628692 0.632911392405 0.0874355163067 0.157383929352 0.275761973875 0.298984034833 0.0782225486596 0.167584771698 0.100027862914 0.204513792143 1
0.452631578947 1.0 0.373913043478 0.817391304348 0.352941176471 0.785714285714 0.409523809524 0.861904761905 0.40414507772 0.839378238342 0.365714285714 0.857142857143 0.369230769231 0.805128205128 0.323383084577 0.761194029851 0.337837837838 0.765765765766 0.320930232558 0.827906976744 0.357798165138 0.857798165138 0.367088607595 0.831223628692 0.135525050275 0.195855556527 0.213062409289 0.426124818578 0.109682947729 0.203207246909 0.0596266369462 0.140568403455 1
0.521052631579 0.794736842105 0.439130434783 0.665217391304 0.415966386555 0.651260504202 0.471428571429 0.752380952381 0.502590673575 0.80829015544 0.52 0.845714285714 0.558974358974 0.841025641026 0.517412935323 0.791044776119 0.490990990991 0.743243243243 0.418604651163 0.688372093023 0.422018348624 0.674311926606 0.400843881857 0.628691983122 0.0709976392411 0.122234851797 0.212917271408 0.244557329463 0.0624311421227 0.133308850533 0.0795486207857 0.0973808860407 1
0.457894736842 0.794736842105 0.373913043478 0.652173913043 0.361344537815 0.63025210084 0.414285714286 0.742857142857 0.440414507772 0.79274611399 0.462857142857 0.845714285714 0.502564102564 0.846153846154 0.462686567164 0.825870646766 0.445945945946 0.797297297297 0.386046511628 0.739534883721 0.394495412844 0.724770642202 0.362869198312 0.654008438819 0.114015913264 0.148378071173 0.205079825835 0.276197387518 0.0579018239687 0.194393438609 0.0579548620786 0.0872109222625 1
0.442105263158 0.810526315789 0.408695652174 0.717391304348 0.399159663866 0.689075630252 0.442857142857 0.757142857143 0.367875647668 0.725388601036 0.228571428571 0.662857142857 0.174358974359 0.605128205128 0.109452736318 0.55223880597 0.157657657658 0.558558558559 0.158139534884 0.544186046512 0.215596330275 0.587155963303 0.278481012658 0.586497890295 0.110868234677 0.191483780712 0.0545718432511 0.237735849057 0.0568000979312 0.0645121801934 0.082892170521 0.218027305656 1
0.473684210526 0.836842105263 0.421739130435 0.704347826087 0.399159663866 0.680672268908 0.452380952381 0.785714285714 0.466321243523 0.834196891192 0.457142857143 0.834285714286 0.482051282051 0.810256410256 0.432835820896 0.771144278607 0.40990990991 0.738738738739 0.348837209302 0.679069767442 0.344036697248 0.674311926606 0.333333333333 0.632911392405 0.0730960916324 0.102386989595 0.151088534107 0.175471698113 0.0667156322683 0.146651976986 0.081499024798 0.208135971023 1
0.384210526316 0.826315789474 0.365217391304 0.739130434783 0.361344537815 0.710084033613 0.409523809524 0.77619047619 0.326424870466 0.735751295337 0.16 0.651428571429 0.0923076923077 0.584615384615 0.0149253731343 0.532338308458 0.0585585585586 0.545045045045 0.0790697674419 0.53488372093 0.137614678899 0.577981651376 0.2194092827 0.594936708861 0.117950511498 0.163941593075 0.129317851959 0.270972423803 0.0772432366263 0.0869139429551 0.101281694065 0.21524101421 1
0.394736842105 0.757894736842 0.326086956522 0.560869565217 0.31512605042 0.521008403361 0.366666666667 0.661904761905 0.378238341969 0.756476683938 0.451428571429 0.891428571429 0.528205128205 0.958974358974 0.522388059701 0.960199004975 0.531531531532 0.923423423423 0.437209302326 0.837209302326 0.380733944954 0.775229357798 0.316455696203 0.662447257384 0.293870770307 0.585380781674 0.135123367199 0.770972423803 0.0335414371404 0.0665932182642 0.214544441349 0.383115073837 1
0.415789473684 0.710526315789 0.386956521739 0.621739130435 0.365546218487 0.617647058824 0.419047619048 0.719047619048 0.40932642487 0.772020725389 0.497142857143 0.805714285714 0.523076923077 0.748717948718 0.457711442786 0.671641791045 0.427927927928 0.653153153153 0.404651162791 0.604651162791 0.376146788991 0.587155963303 0.324894514768 0.535864978903 0.196817347206 0.249366092507 0.315384615385 0.483599419448 0.00795691027053 0.0661035622475 0.143215380329 0.680969629423 1
0.4 0.752631578947 0.326086956522 0.565217391304 0.310924369748 0.521008403361 0.361904761905 0.642857142857 0.39378238342 0.751295336788 0.474285714286 0.862857142857 0.492307692308 0.892307692308 0.437810945274 0.860696517413 0.45045045045 0.801801801802 0.395348837209 0.776744186047 0.403669724771 0.752293577982 0.350210970464 0.654008438819 0.316341697998 0.976742152662 0.0574746008708 0.853846153846 0.00061207002081 0.00954829232464 0.00278629144609 0.189328503761 1
0.226315789474 0.710526315789 0.208695652174 0.534782608696 0.197478991597 0.504201680672 0.219047619048 0.633333333333 0.20207253886 0.746113989637 0.154285714286 0.84 0.0974358974359 0.892307692308 0.0497512437811 0.910447761194 0.189189189189 0.918918918919 0.2 0.832558139535 0.215596330275 0.738532110092 0.181434599156 0.628691983122 0.23082976305 0.453615458599 0.147895500726 0.628156748911 0.0182396866201 0.0684294283266 0.136528280858 0.314432989691 1
0.378947368421 0.763157894737 0.313043478261 0.591304347826 0.298319327731 0.563025210084 0.347619047619 0.67619047619 0.373056994819 0.777202072539 0.405714285714 0.914285714286 0.430769230769 0.964102564103 0.412935323383 0.970149253731 0.459459459459 0.95045045045 0.409302325581 0.841860465116 0.366972477064 0.775229357798 0.316455696203 0.654008438819 0.223222873131 0.270000874355 0.0970972423803 0.489259796807 0.0270534949198 0.0690414983474 0.160351072722 0.308581777654 1
0.426315789474 0.768421052632 0.34347826087 0.586956521739 0.323529411765 0.550420168067 0.380952380952 0.661904761905 0.424870466321 0.761658031088 0.497142857143 0.845714285714 0.569230769231 0.85641025641 0.542288557214 0.845771144279 0.527027027027 0.810810810811 0.460465116279 0.762790697674 0.440366972477 0.733944954128 0.367088607595 0.64135021097 0.266678324736 0.675876541051 0.0841799709724 0.658925979681 0.0035500061207 0.0194638266618 0.0164391195319 0.244915018111 1
0.410526315789 0.831578947368 0.365217391304 0.704347826087 0.352941176471 0.663865546218 0.37619047619 0.733333333333 0.331606217617 0.725388601036 0.257142857143 0.702857142857 0.241025641026 0.661538461538 0.203980099502 0.63184079602 0.22972972973 0.63963963964 0.190697674419 0.623255813953 0.247706422018 0.651376146789 0.278481012658 0.628691983122 0.143131940194 0.383404739005 0.0939042089985 0.56328011611 0.0343983351695 0.0583914799853 0.0479242128727 0.133324045695 1
0.373684210526 0.647368421053 0.326086956522 0.55652173913 0.306722689076 0.533613445378 0.380952380952 0.633333333333 0.430051813472 0.678756476684 0.485714285714 0.72 0.523076923077 0.723076923077 0.477611940299 0.666666666667 0.441441441441 0.621621621622 0.353488372093 0.544186046512 0.339449541284 0.54128440367 0.299578059072 0.493670886076 0.150913701145 0.273848037073 0.197822931785 0.367779390421 0.0509242257314 0.20528828498 0.043048202842 0.183616606297 1
0.347368421053 0.873684210526 0.339130434783 0.739130434783 0.336134453782 0.676470588235 0.338095238095 0.742857142857 0.264248704663 0.715025906736 0.142857142857 0.668571428571 0.0820512820513 0.625641025641 0.0348258706468 0.592039800995 0.0900900900901 0.617117117117 0.0697674418605 0.641860465116 0.151376146789 0.692660550459 0.215189873418 0.679324894515 0.167963626825 0.391885984087 0.125544267054 0.522496371553 0.0388052393194 0.0548414738646 0.0484814711619 0.178740596266 1
0.347368421053 0.836842105263 0.326086956522 0.713043478261 0.319327731092 0.680672268908 0.357142857143 0.761904761905 0.336787564767 0.80310880829 0.274285714286 0.822857142857 0.323076923077 0.830769230769 0.268656716418 0.776119402985 0.274774774775 0.738738738739 0.223255813953 0.693023255814 0.238532110092 0.688073394495 0.244725738397 0.64135021097 0.123284077992 0.248316866311 0.0696661828737 0.426705370102 0.0561880279104 0.0757742685763 0.105600445807 0.190582334912 1
0.4 0.752631578947 0.35652173913 0.65652173913 0.344537815126 0.638655462185 0.4 0.747619047619 0.419689119171 0.79792746114 0.411428571429 0.834285714286 0.420512820513 0.815384615385 0.393034825871 0.766169154229 0.369369369369 0.716216216216 0.302325581395 0.655813953488 0.307339449541 0.637614678899 0.291139240506 0.582278481013 0.187986360059 0.261432193757 0.0899854862119 0.239912917271 0.0586363079936 0.0739380585139 0.0628308721092 0.224157146838 1
0.447368421053 0.926315789474 0.3 0.74347826087 0.273109243697 0.710084033613 0.371428571429 0.785714285714 0.39378238342 0.844559585492 0.428571428571 0.851428571429 0.471794871795 0.841025641026 0.467661691542 0.776119402985 0.454954954955 0.747747747748 0.344186046512 0.716279069767 0.325688073394 0.743119266055 0.291139240506 0.708860759494 0.0026230654892 0.137273760602 0.103047895501 0.539912917271 0.559309585017 1.0 0.271384786849 0.334076344386 1
0.394736842105 0.831578947368 0.347826086957 0.673913043478 0.310924369748 0.659663865546 0.390476190476 0.771428571429 0.435233160622 0.870466321244 0.462857142857 0.96 0.507692307692 1.0 0.437810945274 0.970149253731 0.351351351351 0.990990990991 0.311627906977 0.944186046512 0.298165137615 0.889908256881 0.295358649789 0.751054852321 0.45029290898 0.626038296756 0.140783744557 0.523947750363 0.0182396866201 0.0806708287428 0.0429088882697 0.378657007523 1
0.494736842105 0.842105263158 0.408695652174 0.691304347826 0.390756302521 0.651260504202 0.442857142857 0.738095238095 0.471502590674 0.80310880829 0.525714285714 0.914285714286 0.579487179487 0.948717948718 0.567164179104 1.0 0.540540540541 0.941441441441 0.474418604651 0.860465116279 0.449541284404 0.784403669725 0.400843881857 0.675105485232 0.203200139897 0.269563696774 0.235994194485 0.483164005806 0.023381074795 0.0686742563349 0.136388966286 0.291585399833 1
0.0315789473684 0.631578947368 0.0130434782609 0.5 0.0378151260504 0.470588235294 0.052380952381 0.542857142857 0.0259067357513 0.60621761658 0.00571428571429 0.628571428571 0.107692307692 0.671794871795 0.0995024875622 0.63184079602 0.117117117117 0.617117117117 0.0511627906977 0.544186046512 0.00917431192661 0.54128440367 0.0 0.476793248945 0.118387689079 0.171810789543 0.176923076923 0.35152394775 0.0534949198188 0.0860570449259 0.182362775146 0.207439398161 1
0.310526315789 0.752631578947 0.334782608696 0.660869565217 0.336134453782 0.647058823529 0.385714285714 0.728571428571 0.362694300518 0.725388601036 0.302857142857 0.714285714286 0.312820512821 0.702564102564 0.253731343284 0.621890547264 0.247747747748 0.59009009009 0.190697674419 0.567441860465 0.178899082569 0.559633027523 0.198312236287 0.548523206751 0.051324648072 0.145929876716 0.0744557329463 0.260812772134 0.0620639001102 0.0882604970009 0.0696572861521 0.0886040679855 1
0.510526315789 0.842105263158 0.430434782609 0.682608695652 0.411764705882 0.668067226891 0.471428571429 0.790476190476 0.455958549223 0.844559585492 0.285714285714 0.828571428571 0.128205128205 0.712820512821 0.0497512437811 0.651741293532 0.175675675676 0.707207207207 0.26976744186 0.748837209302 0.371559633028 0.761467889908 0.379746835443 0.700421940928 0.454664684795 0.625163941593 0.0595065312046 0.3381712627 0.00599828620394 0.0280328069531 0.0749512398997 0.426023962106 1
0.468421052632 0.810526315789 0.421739130435 0.682608695652 0.40756302521 0.68487394958 0.438095238095 0.766666666667 0.378238341969 0.813471502591 0.177142857143 0.794285714286 0.0512820512821 0.682051282051 0.0 0.611940298507 0.0855855855856 0.666666666667 0.167441860465 0.739534883721 0.256880733945 0.715596330275 0.291139240506 0.637130801688 0.52723616333 0.713473813063 0.0 0.751814223512 0.0096707063288 0.0378259272861 0.201727500697 0.791028141544 1
0.484210526316 0.447368421053 0.595652173913 0.386956521739 0.63025210084 0.567226890756 0.414285714286 0.342857142857 0.849740932642 0.445595854922 0.811428571429 1.0 0.389743589744 0.384615384615 0.930348258706 0.333333333333 0.905405405405 0.864864864865 0.404651162791 0.548837209302 0.816513761468 0.477064220183 0.68776371308 0.729957805907 0.437789630148 0.854070123284 0.00130624092888 0.32206095791 0.0 0.0203207246909 0.0 0.155335748119 1
0.405263157895 0.384210526316 0.64347826087 0.34347826087 0.642857142857 0.621848739496 0.366666666667 0.366666666667 0.823834196891 0.40414507772 0.845714285714 0.954285714286 0.353846153846 0.348717948718 1.02487562189 0.333333333333 0.936936936937 0.981981981982 0.404651162791 0.423255813953 0.871559633028 0.417431192661 0.793248945148 0.696202531646 0.366179942293 0.549619655504 0.543831640058 0.729172714078 0.000489656016648 0.00844656628718 0.0246586792979 0.806631373642 1
0.421052631579 0.405263157895 0.591304347826 0.339130434783 0.605042016807 0.579831932773 0.395238095238 0.385714285714 0.80310880829 0.419689119171 0.851428571429 0.948571428571 0.466666666667 0.517948717949 1.0 0.462686567164 0.905405405405 0.959459459459 0.479069767442 0.488372093023 0.862385321101 0.467889908257 0.7805907173 0.713080168776 0.319664247617 0.634257235289 0.163860667634 0.484179970972 0.00379483412902 0.0642673521851 0.0295346893285 0.393285037615 1
0.415789473684 0.389473684211 0.569565217391 0.334782608696 0.605042016807 0.554621848739 0.37619047619 0.347619047619 0.813471502591 0.40932642487 0.817142857143 0.977142857143 0.420512820513 0.451282051282 0.990049751244 0.398009950249 0.923423423423 0.936936936937 0.423255813953 0.493023255814 0.866972477064 0.449541284404 0.755274261603 0.742616033755 0.653580484393 1.0 0.0632801161103 0.373294629898 0.000122414004162 0.0179948586118 0.00208971858456 0.270548899415 1
0.473684210526 0.5 0.717391304348 0.426086956522 0.672268907563 0.693277310924 0.452380952381 0.12380952381 0.813471502591 0.378238341969 0.937142857143 0.777142857143 0.0 0.0307692307692 0.601990049751 -0.0597014925373 0.621621621622 0.648648648649 0.13488372093 0.386046511628 0.715596330275 0.252293577982 0.603375527426 0.649789029536 0.404651569468 0.495934248492 0.0177068214804 0.51320754717 0.0118741584037 0.0587587219978 0.20799665645 0.596266369462 1
0.552631578947 0.794736842105 0.460869565217 0.665217391304 0.428571428571 0.634453781513 0.485714285714 0.719047619048 0.528497409326 0.777202072539 0.565714285714 0.845714285714 0.635897435897 0.876923076923 0.636815920398 0.865671641791 0.612612612613 0.828828828829 0.553488372093 0.786046511628 0.532110091743 0.752293577982 0.447257383966 0.654008438819 0.115327446009 0.137710938183 0.238316400581 0.291872278665 0.0465173215816 0.265271147019 0.101281694065 0.303287823906 1
0.473684210526 0.773684210526 0.386956521739 0.630434782609 0.36974789916 0.600840336134 0.433333333333 0.728571428571 0.466321243523 0.844559585492 0.405714285714 0.954285714286 0.307692307692 0.948717948718 0.248756218905 0.960199004975 0.315315315315 1.0 0.33023255814 1.0 0.417431192661 1.0 0.392405063291 0.746835443038 0.462533881263 0.510623415231 0.0435413642961 0.490566037736 0.00232586607908 0.00844656628718 0.00808024519365 0.420451379214 1
0.526315789474 0.505263157895 0.64347826087 0.434782608696 0.634453781513 0.617647058824 0.461904761905 0.385714285714 0.766839378238 0.455958549223 0.851428571429 0.845714285714 0.502564102564 0.492307692308 0.89552238806 0.467661691542 0.810810810811 0.851351351351 0.427906976744 0.511627906977 0.761467889908 0.43119266055 0.675105485232 0.649789029536 0.0887470490513 0.145929876716 0.312626995646 0.557910014514 0.0711225364182 0.214469335292 0.176650877682 0.544998606854 1
0.526315789474 0.868421052632 0.739130434783 0.430434782609 0.411764705882 0.697478991597 0.461904761905 0.733333333333 0.849740932642 0.461139896373 0.52 0.811428571429 0.558974358974 0.820512820513 0.805970149254 0.601990049751 0.531531531532 0.774774774775 0.516279069767 0.818604651163 0.711009174312 0.48623853211 0.438818565401 0.713080168776 0.0828014339425 0.0916324210894 0.125979680697 0.667053701016 0.0706328804015 0.255845268699 0.105043187517 0.202424073558 1
0.5 0.852631578947 0.734782608696 0.417391304348 0.390756302521 0.689075630252 0.433333333333 0.77619047619 0.829015544041 0.471502590674 0.502857142857 0.914285714286 0.564102564103 0.994871794872 0.925373134328 0.567164179104 0.522522522523 0.945945945946 0.483720930233 0.893023255814 0.853211009174 0.454128440367 0.405063291139 0.708860759494 0.191396345195 0.232665908892 0.208563134978 0.517416545718 0.0284000489656 0.0756518545722 0.0805238227919 0.374198941209 1
0.489473684211 0.905263157895 0.765217391304 0.4 0.382352941176 0.731092436975 0.433333333333 0.761904761905 0.875647668394 0.461139896373 0.502857142857 0.811428571429 0.574358974359 0.851282051282 0.800995024876 0.572139303483 0.540540540541 0.815315315315 0.46976744186 0.832558139535 0.743119266055 0.454128440367 0.392405063291 0.729957805907 0.0642651044854 0.0795663198391 0.145863570392 0.76023222061 0.0430897294651 0.511690537397 0.06408470326 0.164809139036 1
0.526315789474 0.989473684211 0.813043478261 0.447826086957 0.420168067227 0.781512605042 0.428571428571 0.690476190476 0.844559585492 0.331606217617 0.451428571429 0.668571428571 0.323076923077 0.605128205128 0.597014925373 0.34328358209 0.279279279279 0.621621621622 0.325581395349 0.767441860465 0.619266055046 0.44495412844 0.320675105485 0.746835443038 0.0591064090233 0.0743201888607 0.464005805515 0.845863570392 0.0402742073693 0.243481454278 0.0295346893285 0.0855391473948 1
0.436842105263 0.463157894737 0.391304347826 0.604347826087 0.600840336134 0.575630252101 0.433333333333 0.404761904762 0.40932642487 0.756476683938 0.805714285714 0.754285714286 0.476923076923 0.441025641026 0.432835820896 0.731343283582 0.662162162162 0.657657657658 0.372093023256 0.409302325581 0.380733944954 0.559633027523 0.527426160338 0.544303797468 0.0343621579085 0.0521990032351 0.172859216255 0.352249637155 0.123760558208 0.263802178969 0.063666759543 0.130677068821 1
0.394736842105 0.384210526316 0.321739130435 0.64347826087 0.693277310924 0.638655462185 0.290476190476 0.371428571429 0.362694300518 0.766839378238 0.828571428571 0.817142857143 0.451282051282 0.374358974359 0.437810945274 0.766169154229 0.653153153153 0.698198198198 0.204651162791 0.409302325581 0.366972477064 0.600917431193 0.573839662447 0.590717299578 0.0169624901635 0.104485441987 0.302467343977 0.410595065312 0.247276288407 0.466887011874 0.0550292560602 0.0784341042073 1
0.405263157895 0.389473684211 0.352173913043 0.65652173913 0.642857142857 0.680672268908 0.395238095238 0.4 0.430051813472 0.875647668394 0.988571428571 0.971428571429 0.533333333333 0.512820512821 0.507462686567 0.92039800995 0.783783783784 0.761261261261 0.404651162791 0.418604651163 0.380733944954 0.646788990826 0.582278481013 0.603375527426 0.0699484130454 0.176707178456 0.00798258345428 0.0412191582003 0.174317541927 0.424654180438 0.488018946782 0.565617163555 1
0.342105263158 0.363157894737 0.321739130435 0.64347826087 0.626050420168 0.634453781513 0.361904761905 0.352380952381 0.352331606218 0.777202072539 0.817142857143 0.754285714286 0.425641025641 0.384615384615 0.363184079602 0.731343283582 0.662162162162 0.666666666667 0.288372093023 0.311627906977 0.293577981651 0.577981651376 0.561181434599 0.599156118143 0.0385590626913 0.0813150301653 0.233671988389 0.450943396226 0.218998653446 0.397845513527 0.0706324881583 0.205071050432 1
0.421052631579 0.4 0.34347826087 0.7 0.638655462185 0.634453781513 0.385714285714 0.390476190476 0.419689119171 0.79792746114 0.88 0.885714285714 0.512820512821 0.497435897436 0.502487562189 0.900497512438 0.855855855856 0.914414414414 0.418604651163 0.427906976744 0.389908256881 0.811926605505 0.721518987342 0.691983122363 0.173909241934 0.236338200577 0.328447024673 0.411465892598 0.0707552944057 0.138939894724 0.114377263862 0.253273892449 1
0.342105263158 0.326315789474 0.286956521739 0.673913043478 0.63025210084 0.642857142857 0.319047619048 0.32380952381 0.300518134715 0.689119170984 0.885714285714 0.874285714286 0.317948717949 0.271794871795 0.303482587065 0.865671641791 0.869369369369 0.927927927928 0.293023255814 0.339534883721 0.311926605505 0.802752293578 0.700421940928 0.662447257384 0.242808428784 0.287487977617 0.127721335269 0.41030478955 0.0275431509365 0.246664218387 0.118835330176 0.287127333519 1
0.352631578947 0.357894736842 0.321739130435 0.695652173913 0.655462184874 0.655462184874 0.361904761905 0.352380952381 0.279792746114 0.834196891192 0.902857142857 0.874285714286 0.323076923077 0.282051282051 0.313432835821 0.865671641791 0.855855855856 0.914414414414 0.297674418605 0.33023255814 0.307339449541 0.807339449541 0.713080168776 0.683544303797 0.214654192533 0.235638716447 0.104208998549 0.287808417997 0.0493328436773 0.0559431999021 0.132627472834 0.285594873224 1
0.352631578947 0.363157894737 0.321739130435 0.652173913043 0.626050420168 0.626050420168 0.361904761905 0.357142857143 0.347150259067 0.766839378238 0.822857142857 0.777142857143 0.441025641026 0.415384615385 0.383084577114 0.791044776119 0.675675675676 0.684684684685 0.288372093023 0.320930232558 0.307339449541 0.591743119266 0.561181434599 0.607594936709 0.0410946926642 0.110343621579 0.340928882438 0.43381712627 0.261231484882 0.476802546211 0.0649205906938 0.168988576205 1
0.389473684211 0.4 0.64347826087 0.308695652174 0.663865546218 0.59243697479 0.37619047619 0.380952380952 0.746113989637 0.40932642487 0.805714285714 0.845714285714 0.507692307692 0.512820512821 0.860696517413 0.482587064677 0.815315315315 0.828828828829 0.418604651163 0.441860465116 0.733944954128 0.389908256881 0.645569620253 0.662447257384 0.0645274110344 0.31817784384 0.4206095791 0.642380261248 0.0390500673277 0.208593463092 0.0129562552243 0.0261911395932 1
0.363157894737 0.431578947368 0.682608695652 0.34347826087 0.600840336134 0.68487394958 0.395238095238 0.271428571429 0.735751295337 0.367875647668 0.902857142857 0.72 0.333333333333 0.317948717949 0.646766169154 0.293532338308 0.648648648649 0.644144144144 0.246511627907 0.33023255814 0.55504587156 0.256880733945 0.455696202532 0.527426160338 0.0563084725015 0.154935734896 0.0735849056604 0.11770682148 0.067205288285 0.0958501652589 0.107411535247 0.235859570911 1
0.221052631579 0.757894736842 0.621739130435 0.208695652174 0.214285714286 0.59243697479 0.204761904762 0.595238095238 0.709844559585 -0.0259067357513 0.114285714286 0.531428571429 0.00512820512821 0.553846153846 0.512437810945 0.0348258706468 0.0 0.59009009009 0.0232558139535 0.632558139535 0.504587155963 0.165137614679 0.0717299578059 0.561181434599 0.121010754569 0.151350878727 0.161103047896 0.199854862119 0.0532500918105 0.1029501775 0.150041794372 0.274171078295 1
