0.132947976879 0.635838150289 0.0 0.435897435897 0.0124269005848 0.0860136452242 0.0902073224526 0.113806793119 0.14872856298 0.175931401538 0
0.329479768786 0.531791907514 0.507122507123 0.792022792023 0.000365497076023 0.00462962962963 0.0174239082488 0.098588442876 0.120342992312 0.184210526316 0
0.208092485549 0.768786127168 0.239316239316 0.464387464387 0.00962475633528 0.0210769980507 0.0436700485223 0.164093515659 0.153163808397 0.213483146067 0
0.228323699422 0.604046242775 0.301994301994 0.472934472934 0.0194931773879 0.0458089668616 0.0979267754742 0.299073665637 0.284742755766 0.455943228859 0
0.254335260116 0.817919075145 0.347578347578 0.584045584046 0.00158382066277 0.00365497076023 0.0207322452581 0.152404058227 0.184210526316 0.275576581904 0
0.375722543353 0.546242774566 0.521367521368 0.794871794872 0.000609161793372 0.00304580896686 0.0134539038377 0.0811645346273 0.110585452395 0.130691898285 0
0.187861271676 0.471098265896 0.424501424501 0.638176638177 0.000974658869396 0.00341130604288 0.0112483458315 0.160123511248 0.227675931402 0.322294500296 0
0.323699421965 0.676300578035 0.413105413105 0.689458689459 0.0 0.0 0.0 0.0968239964711 0.145771732703 0.223240685985 0
0.208092485549 0.528901734104 0.316239316239 0.464387464387 0.0235136452242 0.046418128655 0.105425672695 0.326643140715 0.295091661739 0.439384979302 0
0.381502890173 0.736994219653 0.461538461538 0.766381766382 0.00548245614035 0.0103557504873 0.0624172915748 0.197617997353 0.210526315789 0.264636309876 0
0.384393063584 0.71676300578 0.487179487179 0.757834757835 0.00377680311891 0.0170565302144 0.0827084252316 0.217026907808 0.222057953873 0.323181549379 0
0.352601156069 0.809248554913 0.361823361823 0.623931623932 0.00865009746589 0.0237573099415 0.0789589766211 0.127260696956 0.161147250148 0.234476641041 0
0.395953757225 0.797687861272 0.333333333333 0.549857549858 0.0126705653021 0.0275341130604 0.0767534186149 0.0886634318483 0.091957421644 0.147250147842 0
0.35838150289 0.78901734104 0.461538461538 0.7150997151 0.00414230019493 0.00840643274854 0.0399205999118 0.123731804146 0.133353045535 0.188350088705 0
0.0867052023121 0.624277456647 0.547008547009 0.951566951567 0.0353313840156 0.0548245614035 0.152183502426 0.310983678871 0.229154346541 0.306031933767 0
0.393063583815 0.56936416185 0.521367521368 0.763532763533 0.000487329434698 0.00706627680312 0.0108072342303 0.164093515659 0.170017740982 0.225014784151 0
0.35549132948 0.537572254335 0.652421652422 0.826210826211 0.00304580896686 0.0144980506823 0.0809439788266 0.222320247022 0.25340035482 0.299231224128 0
0.28901734104 0.589595375723 0.478632478632 0.77207977208 0.0182748538012 0.0207115009747 0.0441111601235 0.152183502426 0.223240685985 0.270549970432 0
0.413294797688 0.777456647399 0.490028490028 0.732193732194 0.00377680311891 0.0126705653021 0.0716806352007 0.144464049404 0.164104080426 0.19308101715 0
0.326589595376 0.679190751445 0.487179487179 0.7150997151 0.0151072124756 0.0341130604288 0.0549183943538 0.13211292457 0.197220579539 0.230041395624 0
0.228323699422 0.557803468208 0.490028490028 0.729344729345 0.0281432748538 0.0331384015595 0.0721217468019 0.215703573004 0.299526907156 0.358367829687 0
0.274566473988 0.563583815029 0.584045584046 0.746438746439 0.0125487329435 0.0162037037037 0.0500661667402 0.258932509925 0.32702542874 0.50266114725 0
0.184971098266 0.693641618497 0.404558404558 0.729344729345 0.0171783625731 0.0230263157895 0.0588883987649 0.244596382885 0.357776463631 0.435245416913 0
0.28323699422 0.682080924855 0.495726495726 0.783475783476 0.0135233918129 0.0166910331384 0.0483017203352 0.282531980591 0.361028976937 0.536369012419 0
0.234104046243 0.658959537572 0.492877492877 0.746438746439 0.0116959064327 0.016081871345 0.0469783855315 0.26069695633 0.340922531047 0.508870490834 0
0.222543352601 0.687861271676 0.367521367521 0.655270655271 0.0294834307992 0.0358187134503 0.0560211733569 0.16078517865 0.230632761679 0.237137788291 0
0.21676300578 0.71676300578 0.39886039886 0.720797720798 0.0179093567251 0.0196150097466 0.0538156153507 0.280767534186 0.413364872856 0.532820816085 0
0.173410404624 0.621387283237 0.415954415954 0.672364672365 0.0268031189084 0.0425194931774 0.0666078517865 0.153286281429 0.239503252513 0.256652868125 0
0.309248554913 0.699421965318 0.45584045584 0.712250712251 0.0230263157895 0.0305799220273 0.0355094838994 0.134980149978 0.148432879953 0.163217031342 0
0.28612716763 0.595375722543 0.512820512821 0.766381766382 0.0220516569201 0.0342348927875 0.0661667401853 0.16784296427 0.23595505618 0.284742755766 0
0.364161849711 0.751445086705 0.566951566952 0.846153846154 0.00694444444444 0.0143762183236 0.0377150419056 0.160123511248 0.188054405677 0.305736250739 0
0.228323699422 0.71098265896 0.441595441595 0.698005698006 0.0162037037037 0.0199805068226 0.0500661667402 0.134759594177 0.183323477232 0.224423418096 0
0.21098265896 0.696531791908 0.42735042735 0.698005698006 0.0224171539961 0.031432748538 0.0474194971328 0.118659020732 0.151685393258 0.168243642815 0
0.265895953757 0.520231213873 0.524216524217 0.695156695157 0.0181530214425 0.0233918128655 0.0408028231142 0.128804587561 0.187463039622 0.224127735068 0
0.280346820809 0.667630057803 0.478632478632 0.695156695157 0.021320662768 0.0283869395712 0.0460961623291 0.135421261579 0.178592548788 0.197516262567 0
0.323699421965 0.682080924855 0.527065527066 0.77207977208 0.0116959064327 0.0162037037037 0.0427878253198 0.278341420379 0.369899467771 0.556475458309 0
0.21098265896 0.615606936416 0.467236467236 0.689458689459 0.0237573099415 0.0296052631579 0.0683722981914 0.297088663432 0.435541099941 0.527794204613 0
0.231213872832 0.615606936416 0.504273504274 0.74358974359 0.016081871345 0.0243664717349 0.0635200705779 0.356197617997 0.479006505027 0.68361916026 0
0.346820809249 0.826589595376 0.48433048433 0.786324786325 0.0118177387914 0.0177875243665 0.0434494927217 0.135200705779 0.182436428149 0.26404494382 0
0.176300578035 0.618497109827 0.404558404558 0.646723646724 0.0313109161793 0.041544834308 0.0694750771945 0.195632995148 0.289178001183 0.307214665878 0
0.153179190751 0.560693641618 0.418803418803 0.649572649573 0.0308235867446 0.0455653021442 0.077856197618 0.160123511248 0.237729154347 0.287995269072 0
0.187861271676 0.64450867052 0.407407407407 0.680911680912 0.0242446393762 0.037037037037 0.0584472871637 0.132995147772 0.210230632762 0.218805440568 0
0.257225433526 0.728323699422 0.450142450142 0.700854700855 0.014985380117 0.0203460038986 0.0456550507278 0.142258491398 0.198698994678 0.259314015376 0
0.329479768786 0.820809248555 0.438746438746 0.763532763533 0.0110867446394 0.015716374269 0.0419056021173 0.12505513895 0.177409816677 0.243642814902 0
0.228323699422 0.667630057803 0.401709401709 0.660968660969 0.0229044834308 0.0296052631579 0.0489633877371 0.12130569034 0.162034299231 0.191306918983 0
0.323699421965 0.745664739884 0.512820512821 0.792022792023 0.0110867446394 0.0186403508772 0.0337450374945 0.228936921041 0.348905972797 0.496156120639 0
0.274566473988 0.56936416185 0.518518518519 0.729344729345 0.0162037037037 0.0232699805068 0.0441111601235 0.126599029554 0.199586043761 0.228858663513 0
0.228323699422 0.482658959538 0.504273504274 0.663817663818 0.0229044834308 0.0338693957115 0.0586678429643 0.161667401853 0.247782377292 0.302779420461 0
0.271676300578 0.543352601156 0.495726495726 0.709401709402 0.0240009746589 0.0293615984405 0.050727834142 0.13586237318 0.194855115316 0.216735659373 0
0.456647398844 0.653179190751 0.478632478632 0.635327635328 0.0293615984405 0.0718810916179 0.173577415086 0.312968681076 0.259314015376 0.366055588409 0
0.459537572254 0.696531791908 0.450142450142 0.584045584046 0.0336257309942 0.0618908382066 0.147551830613 0.246801940891 0.187167356594 0.306327616795 0
0.416184971098 0.690751445087 0.524216524217 0.783475783476 0.000243664717349 0.000852826510721 0.0037494486105 0.114689016321 0.199586043761 0.285334121821 0
0.375722543353 0.687861271676 0.373219373219 0.598290598291 0.015350877193 0.0309454191033 0.111601235112 0.188354653727 0.124186871674 0.154050857481 0
0.404624277457 0.604046242775 0.433048433048 0.649572649573 0.0187621832359 0.0466617933723 0.166740185267 0.317379797089 0.172087522176 0.254583086931 0
0.436416184971 0.803468208092 0.450142450142 0.65811965812 0.00706627680312 0.0129142300195 0.0306572562858 0.12858403176 0.133648728563 0.199881726789 0
0.372832369942 0.745664739884 0.34188034188 0.569800569801 0.0248538011696 0.0360623781676 0.0604322893692 0.119982355536 0.104376108811 0.157894736842 0
0.395953757225 0.673410404624 0.495726495726 0.655270655271 0.0 0.0 0.000661667401853 0.134097926775 0.308101714962 0.389414547605 0
0.5 0.684971098266 0.575498575499 0.803418803419 0.0 0.0 0.00088222320247 0.17490074989 0.261975162626 0.370786516854 0
0.387283236994 0.656069364162 0.438746438746 0.641025641026 0.0328947368421 0.0477582846004 0.119320688134 0.142479047199 0.145771732703 0.181845062093 0
0.372832369942 0.690751445087 0.450142450142 0.68660968661 0.00389863547758 0.0112085769981 0.067490074989 0.123511248346 0.130987581313 0.159077468953 0
0.35549132948 0.682080924855 0.401709401709 0.643874643875 0.0296052631579 0.0506822612086 0.177106307896 0.357520952801 0.285038438794 0.354523950325 0
0.49710982659 0.653179190751 0.584045584046 0.712250712251 0.0062134502924 0.0162037037037 0.0915306572563 0.216144684605 0.18894145476 0.232111176818 0
0.361271676301 0.661849710983 0.401709401709 0.652421652422 0.0179093567251 0.0405701754386 0.150419056021 0.243714159682 0.217031342401 0.260496747487 0
0.390173410405 0.734104046243 0.438746438746 0.683760683761 0.0 0.000730994152047 0.00154389060432 0.111160123511 0.240685984624 0.325547013601 0
0.442196531792 0.722543352601 0.569800569801 0.732193732194 0.000487329434698 0.00852826510721 0.0891045434495 0.197838553154 0.176818450621 0.327616794796 0
0.352601156069 0.664739884393 0.501424501425 0.732193732194 0.00170565302144 0.00925925925926 0.0308778120865 0.189898544332 0.209639266706 0.273802483737 0
0.35549132948 0.537572254335 0.652421652422 0.826210826211 0.00304580896686 0.0144980506823 0.0809439788266 0.222320247022 0.25340035482 0.299231224128 0
0.338150289017 0.627167630058 0.509971509972 0.678062678063 0.00584795321637 0.025828460039 0.0566828407587 0.250330833701 0.31371969249 0.323181549379 0
0.332369942197 0.537572254335 0.615384615385 0.766381766382 0.035940545809 0.046783625731 0.190560211734 0.287825319806 0.312832643406 0.390005913661 0
0.268786127168 0.549132947977 0.424501424501 0.652421652422 0.0190058479532 0.0648148148148 0.141596823996 0.334803705337 0.494086339444 0.51478415139 0
0.372832369942 0.630057803468 0.418803418803 0.663817663818 0.0243664717349 0.0743177387914 0.127922364358 0.200705778562 0.0813128326434 0.146363098758 0
0.367052023121 0.736994219653 0.364672364672 0.54415954416 0.0121832358674 0.0304580896686 0.0617556241729 0.123511248346 0.0990538143111 0.161147250148 0
0.404624277457 0.699421965318 0.495726495726 0.752136752137 0.00243664717349 0.0146198830409 0.0352889280988 0.209528010587 0.15819041987 0.255765819042 0
0.395953757225 0.85549132948 0.452991452991 0.729344729345 0.00243664717349 0.0158382066277 0.050727834142 0.185266872519 0.155233589592 0.276463630988 0
0.173410404624 0.658959537572 0.262108262108 0.487179487179 0.0231481481481 0.0426413255361 0.0661667401853 0.105866784296 0.0931401537552 0.15819041987 0
0.407514450867 0.768786127168 0.364672364672 0.612535612536 0.0 0.00316764132554 0.00529333921482 0.106087340097 0.221762270846 0.276759314015 0
0.528901734104 0.670520231214 0.541310541311 0.749287749288 0.00109649122807 0.00548245614035 0.0172033524482 0.209969122188 0.290656416322 0.476345357776 0
0.514450867052 1.0 0.381766381766 0.618233618234 0.000121832358674 0.00268031189084 0.00176444640494 0.0849139832378 0.193376700177 0.224719101124 0
0.485549132948 0.812138728324 0.450142450142 0.732193732194 0.00584795321637 0.0263157894737 0.0335244816939 0.161226290251 0.261975162626 0.353045535186 0
0.280346820809 0.699421965318 0.230769230769 0.435897435897 0.0132797270955 0.041179337232 0.0370533745037 0.0692545213939 0.0993494973389 0.130691898285 0
0.482658959538 0.812138728324 0.472934472934 0.732193732194 0.00268031189084 0.0116959064327 0.027128363476 0.290913101015 0.470727380248 0.774098166765 0
0.459537572254 0.942196531792 0.247863247863 0.518518518519 0.000609161793372 0.00925925925926 0.00595500661667 0.116894574327 0.19840331165 0.205795387345 0
0.326589595376 0.742774566474 0.2849002849 0.48433048433 0.0298489278752 0.0562865497076 0.0756506396118 0.15703573004 0.139858072147 0.204908338261 0
0.369942196532 0.656069364162 0.407407407407 0.57264957265 0.0287524366472 0.0308235867446 0.0977062196736 0.186810763123 0.2063867534 0.31105854524 0
0.471098265896 0.78901734104 0.470085470085 0.655270655271 0.00255847953216 0.00962475633528 0.0235994706661 0.203131892369 0.287699586044 0.441454760497 0
0.398843930636 0.791907514451 0.347578347578 0.575498575499 0.00877192982456 0.0274122807018 0.0355094838994 0.299073665637 0.515966883501 0.809875813128 0
0.208092485549 0.647398843931 0.207977207977 0.421652421652 0.00536062378168 0.0381335282651 0.0266872518747 0.0780767534186 0.116794795979 0.14074512123 0
0.526011560694 0.947976878613 0.361823361823 0.595441595442 0.000609161793372 0.00389863547758 0.00242611380679 0.100794000882 0.206091070373 0.256652868125 0
0.777456647399 0.341040462428 0.193732193732 0.376068376068 0.000730994152047 0.00182748538012 0.00154389060432 0.0696956329951 0.136309875813 0.157303370787 0
0.690751445087 0.315028901734 0.219373219373 0.435897435897 0.00730994152047 0.0123050682261 0.0185266872519 0.0580061755624 0.0694855115316 0.0863394441159 0
0.765895953757 0.323699421965 0.202279202279 0.401709401709 0.00146198830409 0.00718810916179 0.00176444640494 0.0613145125717 0.116203429923 0.127143701952 0
0.728323699422 0.49710982659 0.404558404558 0.609686609687 0.0270467836257 0.0406920077973 0.0857962064402 0.151080723423 0.15819041987 0.165582495565 0
0.771676300578 0.491329479769 0.336182336182 0.507122507123 0.000121832358674 0.000609161793372 0.000441111601235 0.185487428319 0.261975162626 0.338557066824 0
0.797687861272 0.280346820809 0.210826210826 0.441595441595 0.000365497076023 0.000609161793372 0.00286722540803 0.119761799735 0.181549379066 0.203429923122 0
0.875722543353 0.375722543353 0.307692307692 0.566951566952 0.000121832358674 0.000365497076023 0.00264666960741 0.119761799735 0.211709047901 0.249852158486 0
0.630057803468 0.294797687861 0.165242165242 0.330484330484 0.00255847953216 0.0173001949318 0.00970445522717 0.088222320247 0.083382613838 0.0937315198108 0
0.768786127168 0.309248554913 0.17094017094 0.396011396011 0.000487329434698 0.00219298245614 0.00176444640494 0.126378473754 0.168243642815 0.207865168539 0
0.647398843931 0.517341040462 0.421652421652 0.632478632479 0.0229044834308 0.0497076023392 0.15703573004 0.324437582708 0.145180366647 0.255470136014 0
0.748554913295 0.21098265896 0.131054131054 0.387464387464 0.000609161793372 0.00219298245614 0.0 0.0723423026026 0.144293317564 0.17563571851 0
0.661849710983 0.384393063584 0.17094017094 0.290598290598 0.00389863547758 0.0220516569201 0.0207322452581 0.0626378473754 0.070372560615 0.0724423418096 0
0.777456647399 0.346820809249 0.270655270655 0.492877492877 0.000730994152047 0.00219298245614 0.00088222320247 0.143361270401 0.456534594914 0.602010644589 0
0.341040462428 0.742774566474 0.102564102564 0.393162393162 0.0146198830409 0.0426413255361 0.037494486105 0.0970445522717 0.0724423418096 0.0872264931993 0
0.867052023121 0.364161849711 0.264957264957 0.233618233618 0.00158382066277 0.0134015594542 0.00595500661667 0.105646228496 0.198698994678 0.246303962153 0
0.760115606936 0.294797687861 0.22792022792 0.433048433048 0.000487329434698 0.005238791423 0.00838112042347 0.0621967357742 0.111472501478 0.125369603785 0
0.794797687861 0.332369942197 0.247863247863 0.421652421652 0.00243664717349 0.00865009746589 0.00992501102779 0.0992501102779 0.133944411591 0.156712004731 0
0.693641618497 0.21098265896 0.378917378917 0.393162393162 0.000487329434698 0.00255847953216 0.00705778561976 0.0930745478606 0.14872856298 0.251626256653 0
0.127167630058 0.300578034682 0.233618233618 0.401709401709 0.139254385965 0.18932748538 0.538156153507 0.836347595942 0.598462448255 0.888527498522 1
0.21676300578 0.462427745665 0.279202279202 0.433048433048 0.0476364522417 0.0667641325536 0.11799735333 0.399205999118 0.359550561798 0.515079834418 1
0.147398843931 0.468208092486 0.2849002849 0.452991452991 0.0237573099415 0.0389863547758 0.0670489633877 0.324658138509 0.314311058545 0.442637492608 1
0.0578034682081 0.265895953757 0.435897435897 0.7150997151 0.05238791423 0.0657894736842 0.158800176445 0.235994706661 0.0813128326434 0.152276759314 1
0.182080924855 0.459537572254 0.578347578348 0.863247863248 0.0779727095517 0.110867446394 0.304367004852 0.419056021173 0.267593140154 0.365168539326 1
0.109826589595 0.317919075145 0.538461538462 0.729344729345 0.0816276803119 0.0925925925926 0.163211292457 0.194089104543 0.0872264931993 0.125665286813 1
0.182080924855 0.560693641618 0.646723646724 0.940170940171 0.0596978557505 0.0999025341131 0.273489192766 0.730039700044 0.530751034891 0.737729154347 1
0.0433526011561 0.387283236994 0.51566951567 0.723646723647 0.0194931773879 0.0377680311891 0.12130569034 0.185266872519 0.119751626257 0.167060910704 1
0.248554913295 0.549132947977 0.646723646724 0.911680911681 0.153874269006 0.246223196881 0.247684164094 0.553374503749 0.0538143110585 0.167356593732 1
0.291907514451 0.543352601156 0.62962962963 0.923076923077 0.219420077973 0.303971734893 0.0939567710631 0.518747243052 0.0050266114725 0.0174452986399 1
0.167630057803 0.5 0.444444444444 0.849002849003 0.164230019493 0.213328460039 0.0266872518747 0.319364799294 0.00827912477824 0.0280898876404 1
0.193641618497 0.615606936416 0.435897435897 0.980056980057 0.168494152047 0.224658869396 0.0242611380679 0.291574768416 0.0121230041396 0.0434654050857 1
0.164739884393 0.566473988439 0.407407407407 0.925925925926 0.189692982456 0.240009746589 0.027128363476 0.423687692986 0.00916617386162 0.0233589591957 1
0.0867052023121 0.424855491329 0.324786324786 0.794871794872 0.155945419103 0.176169590643 0.0255844728716 0.21790913101 0.0165582495565 0.0393258426966 1
0.170520231214 0.632947976879 0.319088319088 0.481481481481 0.0158382066277 0.0442251461988 0.0935156594618 0.466034406705 0.419278533412 0.642223536369 1
0.0924855491329 0.346820809249 0.108262108262 0.250712250712 0.0974658869396 0.164595516569 0.27503308337 0.43912659903 0.277350680071 0.33648728563 1
0.138728323699 0.632947976879 0.282051282051 0.48433048433 0.0173001949318 0.0414230019493 0.0868989854433 0.351786501985 0.333530455352 0.506209343584 1
0.161849710983 0.43063583815 0.487179487179 0.905982905983 0.150462962963 0.338693957115 0.0183061314513 0.383987648875 0.0257244234181 0.102010644589 1
0.106936416185 0.557803468208 0.521367521368 0.908831908832 0.0438596491228 0.0536062378168 0.145566828408 0.339655932951 0.27350680071 0.513010053223 1
0.167630057803 0.543352601156 0.569800569801 0.868945868946 0.0688352826511 0.123050682261 0.204675782973 0.483899426555 0.0473092844471 0.0990538143111 1
0.315028901734 0.635838150289 0.564102564103 0.851851851852 0.312987329435 0.370492202729 0.0443317159241 0.403837670931 0.0168539325843 0.0399172087522 1
0.332369942197 0.592485549133 0.555555555556 0.837606837607 0.27753411306 1.0 0.0602117335686 0.30348478165 0.0292726197516 0.0683027794205 1
0.300578034682 0.57225433526 0.481481481481 0.837606837607 0.218689083821 0.247685185185 0.129686810763 0.494265549184 0.0304553518628 0.0845653459491 1
0.260115606936 0.575144508671 0.373219373219 0.712250712251 0.109649122807 0.152290448343 0.0286722540803 0.200705778562 0.00739207569486 0.0221762270846 1
0.263005780347 0.552023121387 0.430199430199 0.806267806268 0.181652046784 0.235623781676 0.0222761358624 0.199161887958 0.00443524541691 0.011531638084 1
0.222543352601 0.618497109827 0.301994301994 0.62962962963 0.106115984405 0.127314814815 0.0979267754742 0.143361270401 0.138675340035 0.163808397398 1
0.199421965318 0.56936416185 0.393162393162 0.680911680912 0.0611598440546 0.0824805068226 0.11071901191 0.147772386414 0.140153755174 0.168243642815 1
0.147398843931 0.554913294798 0.37037037037 0.561253561254 0.047149122807 0.0625 0.0968239964711 0.147772386414 0.184506209344 0.218805440568 1
0.219653179191 0.635838150289 0.301994301994 0.598290598291 0.067373294347 0.0844298245614 0.0950595500662 0.111821790913 0.125369603785 0.143701951508 1
0.245664739884 0.615606936416 0.339031339031 0.735042735043 0.0955165692008 0.107212475634 0.158800176445 0.217247463608 0.150206978119 0.240094618569 1
0.242774566474 0.676300578035 0.356125356125 0.626780626781 0.0392300194932 0.0403265107212 0.0794000882223 0.120864578738 0.162329982259 0.175931401538 1
0.21387283237 0.560693641618 0.344729344729 0.609686609687 0.0874756335283 0.107212475634 0.170710189678 0.216585796206 0.13542282673 0.244529863986 1
0.21098265896 0.635838150289 0.282051282051 0.60113960114 0.0639619883041 0.0749269005848 0.105425672695 0.116012351125 0.11265523359 0.135718509758 1
0.14450867052 0.578034682081 0.384615384615 0.62962962963 0.0427631578947 0.0551900584795 0.0966034406705 0.15703573004 0.219396806623 0.256948551153 1
0.138728323699 0.609826589595 0.219373219373 0.598290598291 0.0581140350877 0.0734649122807 0.0782973092192 0.117556241729 0.081904198699 0.101123595506 1
0.190751445087 0.442196531792 0.390313390313 0.62962962963 0.0487329434698 0.0643274853801 0.109175121306 0.177106307896 0.232702542874 0.290656416322 1
0.208092485549 0.505780346821 0.433048433048 0.623931623932 0.0392300194932 0.0525097465887 0.0921923246581 0.108954565505 0.133057362507 0.143701951508 1
0.222543352601 0.624277456647 0.324786324786 0.609686609687 0.0662768031189 0.077850877193 0.112262902514 0.126819585355 0.129213483146 0.170609107037 1
0.147398843931 0.589595375723 0.39886039886 0.623931623932 0.0384990253411 0.0545808966862 0.0948389942655 0.151742390825 0.209047900651 0.222057953873 1
0.176300578035 0.456647398844 0.401709401709 0.595441595442 0.0493421052632 0.0699317738791 0.100352889281 0.115130127922 0.151094027203 0.156120638675 1
0.21676300578 0.696531791908 0.381766381766 0.652421652422 0.0280214424951 0.0333820662768 0.0531539479488 0.104102337891 0.13542282673 0.143997634536 1
0.199421965318 0.5 0.356125356125 0.535612535613 0.151072124756 0.209917153996 0.229819144243 0.372077635642 0.239207569486 0.345949142519 1
0.202312138728 0.549132947977 0.415954415954 0.612535612536 0.0600633528265 0.0862573099415 0.132333480371 0.193206881341 0.227675931402 0.262862211709 1
0.130057803468 0.505780346821 0.336182336182 0.581196581197 0.0488547758285 0.062134502924 0.0855756506396 0.138729598588 0.175044352454 0.226197516263 1
0.231213872832 0.580924855491 0.415954415954 0.660968660969 0.052753411306 0.0601851851852 0.0774150860168 0.121967357742 0.105558840923 0.145476049675 1
0.184971098266 0.563583815029 0.31339031339 0.57264957265 0.0895467836257 0.142665692008 0.15725628584 0.2141596824 0.138971023063 0.220875221762 1
0.245664739884 0.580924855491 0.450142450142 0.655270655271 0.0575048732943 0.072246588694 0.113145125717 0.12858403176 0.137492607924 0.144884683619 1
0.271676300578 0.537572254335 0.421652421652 0.720797720798 0.0933235867446 0.0957602339181 0.143361270401 0.200705778562 0.117386162034 0.200177409817 1
0.222543352601 0.557803468208 0.461538461538 0.641025641026 0.0521442495127 0.0665204678363 0.111160123511 0.155271283635 0.197516262567 0.206091070373 1
0.0520231213873 0.303468208092 0.213675213675 0.34188034188 0.0517787524366 0.0895467836257 0.131230701367 0.225187472431 0.266410408043 0.365759905381 1
0.167630057803 0.473988439306 0.381766381766 0.507122507123 0.0659113060429 0.115375243665 0.177326863697 0.298411998236 0.278237729154 0.352158486103 1
0.0838150289017 0.381502890173 0.222222222222 0.393162393162 0.126461988304 0.189083820663 0.26069695633 0.598808998677 0.742164399763 1.0 1
0.294797687861 0.580924855491 0.472934472934 0.723646723647 0.0897904483431 0.153143274854 0.204014115571 0.287604764005 0.160260201064 0.323477232407 1
0.179190751445 0.578034682081 0.296296296296 0.549857549858 0.0860136452242 0.112085769981 0.117335685929 0.153947948831 0.187463039622 0.283855706682 1
0.21387283237 0.566473988439 0.404558404558 0.68660968661 0.0700536062378 0.0956384015595 0.149757388619 0.163211292457 0.170904790065 0.248669426375 1
0.202312138728 0.563583815029 0.376068376068 0.660968660969 0.0489766081871 0.068469785575 0.106749007499 0.123070136745 0.119455943229 0.136309875813 1
0.21676300578 0.578034682081 0.435897435897 0.635327635328 0.0529970760234 0.0852826510721 0.131671812969 0.21063078959 0.193968066233 0.254583086931 1
0.202312138728 0.687861271676 0.353276353276 0.635327635328 0.041179337232 0.0465399610136 0.0908689898544 0.125496250551 0.175931401538 0.191898285038 1
0.179190751445 0.49710982659 0.361823361823 0.666666666667 0.0665204678363 0.0817495126706 0.138729598588 0.147110719012 0.194559432289 0.220875221762 1
0.14450867052 0.450867052023 0.421652421652 0.612535612536 0.0867446393762 0.103070175439 0.190560211734 0.296206440229 0.421643997635 0.474866942637 1
0.170520231214 0.476878612717 0.381766381766 0.649572649573 0.0514132553606 0.0750487329435 0.104764005293 0.113365681517 0.125665286813 0.167356593732 1
0.236994219653 0.676300578035 0.279202279202 0.62962962963 0.0627436647173 0.0817495126706 0.0941773268637 0.111380679312 0.145476049675 0.16351271437 1
0.225433526012 0.586705202312 0.430199430199 0.641025641026 0.0499512670565 0.0599415204678 0.085355094839 0.102779003088 0.102306327617 0.115020697812 1
0.164739884393 0.485549132948 0.418803418803 0.646723646724 0.0400828460039 0.0540935672515 0.104984561094 0.170930745479 0.222945002957 0.256652868125 1
0.190751445087 0.618497109827 0.401709401709 0.626780626781 0.0660331384016 0.0806530214425 0.111380679312 0.156374062638 0.145180366647 0.172678888232 1
0.352601156069 0.575144508671 0.527065527066 0.754985754986 0.115984405458 0.190545808967 0.244375827084 0.388178209087 0.178888231815 0.334417504435 1
0.205202312139 0.520231213873 0.444444444444 0.65811965812 0.0551900584795 0.0735867446394 0.137847375386 0.217026907808 0.280603193377 0.298048492017 1
0.187861271676 0.612716763006 0.42735042735 0.649572649573 0.0593323586745 0.0735867446394 0.114027348919 0.156153506837 0.175340035482 0.210526315789 1
0.291907514451 0.508670520231 0.481481481481 0.678062678063 0.0905214424951 0.111354775828 0.190560211734 0.22143802382 0.324955647546 0.366942637493 1
0.184971098266 0.479768786127 0.2849002849 0.578347578348 0.0508040935673 0.056530214425 0.117556241729 0.127040141156 0.144884683619 0.197516262567 1
0.167630057803 0.381502890173 0.364672364672 0.549857549858 0.0899122807018 0.106968810916 0.157476841641 0.196735774151 0.261975162626 0.291543465405 1
0.182080924855 0.540462427746 0.373219373219 0.660968660969 0.0757797270955 0.120004873294 0.200264666961 0.23224525805 0.339444115908 0.401537551745 1
0.173410404624 0.401734104046 0.364672364672 0.609686609687 0.20955165692 0.338450292398 0.479488310543 0.548522276136 0.657303370787 0.683027794205 1
0.271676300578 0.526011560694 0.518518518519 0.717948717949 0.107699805068 0.114400584795 0.168725187472 0.251874724305 0.432879952691 0.488172678888 1
0.257225433526 0.540462427746 0.396011396011 0.669515669516 0.0581140350877 0.0751705653021 0.137847375386 0.186810763123 0.194855115316 0.266114725015 1
0.21098265896 0.479768786127 0.324786324786 0.623931623932 0.0660331384016 0.0921052631579 0.169166299074 0.184384649316 0.243051448847 0.264340626848 1
0.231213872832 0.459537572254 0.447293447293 0.655270655271 0.109527290448 0.124025341131 0.240626378474 0.296647551831 0.376995860438 0.429036073329 1
0.196531791908 0.491329479769 0.387464387464 0.626780626781 0.0687134502924 0.103435672515 0.148213498015 0.187472430525 0.204021289178 0.259314015376 1
0.14450867052 0.488439306358 0.276353276353 0.501424501425 0.0710282651072 0.0949074074074 0.164975738862 0.197397441553 0.187167356594 0.237433471319 1
0.199421965318 0.49710982659 0.376068376068 0.615384615385 0.109649122807 0.139376218324 0.241067490075 0.255403617115 0.402424600828 0.421052631579 1
0.251445086705 0.450867052023 0.464387464387 0.621082621083 0.0589668615984 0.0902777777778 0.16784296427 0.219011910013 0.308988764045 0.330869308102 1
0.228323699422 0.482658959538 0.310541310541 0.441595441595 0.0776072124756 0.0945419103314 0.138950154389 0.17512130569 0.152276759314 0.229154346541 1
0.184971098266 0.511560693642 0.279202279202 0.438746438746 0.0763888888889 0.103435672515 0.145566828408 0.168063520071 0.164399763454 0.231224127735 1
0.205202312139 0.421965317919 0.321937321937 0.458689458689 0.0721247563353 0.0812621832359 0.172254080282 0.185046316718 0.127143701952 0.212004730928 1
0.156069364162 0.401734104046 0.230769230769 0.350427350427 0.0888157894737 0.122319688109 0.194309660344 0.233127481253 0.220283855707 0.317267888823 1
0.173410404624 0.511560693642 0.264957264957 0.407407407407 0.077850877193 0.0951510721248 0.172474636083 0.209748566387 0.228858663513 0.346836191603 1
0.231213872832 0.621387283237 0.182336182336 0.404558404558 0.113304093567 0.135233918129 0.163211292457 0.200705778562 0.181845062093 0.249852158486 1
0.205202312139 0.57225433526 0.176638176638 0.356125356125 0.0865009746589 0.110867446394 0.154389060432 0.207322452581 0.193672383205 0.246895328208 1
0.21676300578 0.595375722543 0.185185185185 0.39886039886 0.102339181287 0.135233918129 0.123511248346 0.156594618438 0.15819041987 0.208456534595 1
0.234104046243 0.583815028902 0.179487179487 0.373219373219 0.062134502924 0.0913742690058 0.0771945302161 0.105866784296 0.0783560023655 0.113837965701 1
0.268786127168 0.64450867052 0.213675213675 0.381766381766 0.0701754385965 0.0996588693957 0.119761799735 0.135200705779 0.119160260201 0.157303370787 1
0.245664739884 0.606936416185 0.202279202279 0.381766381766 0.0986842105263 0.120979532164 0.157917953242 0.187031318924 0.119455943229 0.184210526316 1
0.202312138728 0.543352601156 0.17094017094 0.310541310541 0.0685916179337 0.087962962963 0.0677106307896 0.0829289810322 0.0659373151981 0.0756948551153 1
0.179190751445 0.517341040462 0.165242165242 0.31339031339 0.110989278752 0.127192982456 0.0932951036612 0.129686810763 0.0745121230041 0.0969840331165 1
0.179190751445 0.508670520231 0.162393162393 0.31339031339 0.0806530214425 0.0885721247563 0.0672695191884 0.088222320247 0.0623891188646 0.070372560615 1
0.21098265896 0.413294797688 0.22792022792 0.37037037037 0.0548245614035 0.0694444444444 0.10366122629 0.116894574327 0.0665286812537 0.134535777646 1
0.0664739884393 0.21098265896 0.31339031339 0.42735042735 0.0743177387914 0.1011208577 0.280105866784 0.341861490957 0.276463630988 0.415434654051 1
0.271676300578 0.598265895954 0.364672364672 0.561253561254 0.0663986354776 0.0777290448343 0.199161887958 0.23555359506 0.239798935541 0.31105854524 1
0.205202312139 0.424855491329 0.404558404558 0.541310541311 0.0620126705653 0.0735867446394 0.196735774151 0.266872518747 0.337965700769 0.41425192194 1
0.222543352601 0.583815028902 0.276353276353 0.490028490028 0.0653021442495 0.0818713450292 0.0840317600353 0.141817379797 0.0748078060319 0.0940272028386 1
0.21387283237 0.491329479769 0.316239316239 0.444444444444 0.0643274853801 0.0829678362573 0.140273489193 0.157697397442 0.124482554701 0.196924896511 1
0.28612716763 0.615606936416 0.299145299145 0.458689458689 0.0755360623782 0.0977095516569 0.165637406264 0.208866343185 0.144884683619 0.159668835009 1
0.245664739884 0.549132947977 0.361823361823 0.527065527066 0.0497076023392 0.0567738791423 0.150419056021 0.187031318924 0.217031342401 0.269662921348 1
0.28323699422 0.540462427746 0.358974358974 0.478632478632 0.05238791423 0.0768762183236 0.114468460521 0.131671812969 0.124778237729 0.169130691898 1
0.236994219653 0.560693641618 0.264957264957 0.407407407407 0.0705409356725 0.0934454191033 0.109836788708 0.136965152184 0.0842696629213 0.127143701952 1
0.28901734104 0.632947976879 0.350427350427 0.54415954416 0.0553118908382 0.0784600389864 0.111821790913 0.115350683723 0.147250147842 0.149911295092 1
0.248554913295 0.520231213873 0.245014245014 0.381766381766 0.0676169590643 0.0836988304094 0.0822673136303 0.0994706660785 0.0940272028386 0.159077468953 1
0.193641618497 0.482658959538 0.264957264957 0.401709401709 0.0745614035088 0.0894249512671 0.122187913542 0.132554036171 0.100827912478 0.177705499704 1
0.231213872832 0.517341040462 0.239316239316 0.37037037037 0.083455165692 0.0999025341131 0.0981473312748 0.11799735333 0.0987581312833 0.163808397398 1
0.184971098266 0.485549132948 0.213675213675 0.353276353276 0.0643274853801 0.0761452241715 0.0811645346273 0.0893250992501 0.0659373151981 0.0887049083383 1
0.231213872832 0.476878612717 0.301994301994 0.415954415954 0.0960038986355 0.11306042885 0.165637406264 0.178870754301 0.167356593732 0.270845653459 1
0.231213872832 0.552023121387 0.25641025641 0.39886039886 0.0644493177388 0.0790692007797 0.110277900309 0.120423467137 0.105263157895 0.160260201064 1
0.28323699422 0.566473988439 0.287749287749 0.435897435897 0.102339181287 0.132797270955 0.156153506837 0.167401852669 0.152572442342 0.21318746304 1
0.202312138728 0.473988439306 0.25641025641 0.387464387464 0.0889376218324 0.0936890838207 0.140273489193 0.153065725629 0.120934358368 0.225310467179 1
0.199421965318 0.494219653179 0.262108262108 0.396011396011 0.0715155945419 0.0867446393762 0.107631230701 0.119100132333 0.102306327617 0.179479597871 1
0.21098265896 0.488439306358 0.250712250712 0.367521367521 0.0689571150097 0.0925925925926 0.11424790472 0.130789589766 0.113837965701 0.193672383205 1
0.205202312139 0.450867052023 0.267806267806 0.393162393162 0.0858918128655 0.106968810916 0.125275694751 0.163652404058 0.144293317564 0.222057953873 1
0.205202312139 0.520231213873 0.273504273504 0.433048433048 0.0795565302144 0.106725146199 0.136082928981 0.152845169828 0.133353045535 0.204612655234 1
0.219653179191 0.520231213873 0.236467236467 0.37037037037 0.0671296296296 0.0713937621832 0.0789589766211 0.0981473312748 0.0745121230041 0.110585452395 1
0.199421965318 0.523121387283 0.239316239316 0.378917378917 0.0581140350877 0.0748050682261 0.070357300397 0.0829289810322 0.0748078060319 0.121230041396 1
0.199421965318 0.50289017341 0.190883190883 0.361823361823 0.134624756335 0.160331384016 0.144243493604 0.190339655933 0.129213483146 0.175340035482 1
0.21098265896 0.528901734104 0.213675213675 0.364672364672 0.0734649122807 0.0916179337232 0.0981473312748 0.113365681517 0.0963926670609 0.149615612064 1
0.130057803468 0.462427745665 0.105413105413 0.358974358974 0.243421052632 0.279117933723 0.252756947508 0.320247022497 0.326138379657 0.393258426966 1
0.205202312139 0.531791907514 0.19943019943 0.324786324786 0.0788255360624 0.099171539961 0.1069695633 0.114909572122 0.0963926670609 0.14340626848 1
0.242774566474 0.442196531792 0.273504273504 0.384615384615 0.0698099415205 0.0801656920078 0.097485663873 0.124172915748 0.083382613838 0.144884683619 1
0.21098265896 0.49710982659 0.250712250712 0.381766381766 0.0727339181287 0.0950292397661 0.145787384208 0.186149095721 0.170017740982 0.271437019515 1
0.242774566474 0.526011560694 0.253561253561 0.396011396011 0.077850877193 0.112694931774 0.109616232907 0.118879576533 0.0946185688941 0.139266706091 1
0.21098265896 0.523121387283 0.267806267806 0.390313390313 0.07261208577 0.0880847953216 0.137185707984 0.155932951037 0.149319929036 0.222649319929 1
0.280346820809 0.601156069364 0.205128205128 0.344729344729 0.062134502924 0.0767543859649 0.0727834142038 0.114689016321 0.0872264931993 0.113837965701 1
0.251445086705 0.601156069364 0.176638176638 0.330484330484 0.0743177387914 0.0974658869396 0.0683722981914 0.0992501102779 0.0842696629213 0.125665286813 1
0.251445086705 0.592485549133 0.202279202279 0.350427350427 0.0645711500975 0.0791910331384 0.0771945302161 0.116894574327 0.0901833234772 0.107924305145 1
0.268786127168 0.595375722543 0.207977207977 0.353276353276 0.0743177387914 0.102339181287 0.0816056462285 0.123511248346 0.0901833234772 0.125665286813 1
0.251445086705 0.627167630058 0.196581196581 0.364672364672 0.0609161793372 0.0877192982456 0.0573445081606 0.0904278782532 0.0694855115316 0.113837965701 1
0.0751445086705 0.219653179191 0.176638176638 0.319088319088 0.0609161793372 0.0752923976608 0.146669607411 0.188795765329 0.207865168539 0.228267297457 1
0.156069364162 0.320809248555 0.378917378917 0.512820512821 0.0816276803119 0.114522417154 0.238200264667 0.293339214821 0.232111176818 0.362211709048 1
0.156069364162 0.369942196532 0.361823361823 0.498575498575 0.0804093567251 0.10843079922 0.211733568593 0.275694750772 0.338557066824 0.403607332939 1
0.164739884393 0.303468208092 0.376068376068 0.495726495726 0.0779727095517 0.110867446394 0.22496691663 0.260255844729 0.220283855707 0.332643406268 1
0.164739884393 0.381502890173 0.347578347578 0.495726495726 0.0609161793372 0.0852826510721 0.143361270401 0.154389060432 0.14340626848 0.220283855707 1
0.179190751445 0.369942196532 0.34188034188 0.509971509972 0.0706627680312 0.140107212476 0.235994706661 0.291133656815 0.187758722649 0.362211709048 1
0.135838150289 0.410404624277 0.316239316239 0.495726495726 0.0609161793372 0.0840643274854 0.161005734451 0.185266872519 0.190715552927 0.255765819042 1
0.164739884393 0.303468208092 0.376068376068 0.495726495726 0.0779727095517 0.110867446394 0.22496691663 0.260255844729 0.220283855707 0.332643406268 1
0.182080924855 0.395953757225 0.358974358974 0.509971509972 0.0694444444444 0.0999025341131 0.180855756506 0.209528010587 0.208456534595 0.291247782377 1
0.228323699422 0.410404624277 0.185185185185 0.321937321937 0.0682261208577 0.1011208577 0.176444640494 0.198500220556 0.0872264931993 0.196629213483 1
0.182080924855 0.471098265896 0.219373219373 0.350427350427 0.0833333333333 0.10014619883 0.154389060432 0.183502426114 0.178001182732 0.230928444707 1
0.196531791908 0.453757225434 0.310541310541 0.441595441595 0.0748050682261 0.0822368421053 0.181076312307 0.19629466255 0.123891188646 0.217031342401 1
0.196531791908 0.473988439306 0.293447293447 0.438746438746 0.0709064327485 0.0873538011696 0.158800176445 0.179091310101 0.136014192785 0.222649319929 1
0.219653179191 0.404624277457 0.321937321937 0.444444444444 0.0648148148148 0.0730994152047 0.191001323335 0.202690780768 0.11265523359 0.205499704317 1
0.161849710983 0.453757225434 0.270655270655 0.413105413105 0.0689571150097 0.0889376218324 0.153947948831 0.172254080282 0.128326434063 0.217327025429 1
0.21098265896 0.485549132948 0.290598290598 0.430199430199 0.0707846003899 0.0900341130604 0.133215703573 0.145566828408 0.145476049675 0.203134240095 1
0.173410404624 0.468208092486 0.279202279202 0.413105413105 0.0728557504873 0.0899122807018 0.141596823996 0.148654609616 0.122412773507 0.222353636901 1
0.254335260116 0.439306358382 0.350427350427 0.452991452991 0.0699317738791 0.0798001949318 0.154168504632 0.176003528893 0.116794795979 0.193376700177 1
0.167630057803 0.343930635838 0.273504273504 0.390313390313 0.16081871345 0.231481481481 0.571239523599 0.624172915748 0.44500295683 0.690419869899 1
0.156069364162 0.416184971098 0.159544159544 0.34188034188 0.0913742690058 0.143762183236 0.310983678871 0.361711513013 0.232111176818 0.353341218214 1
0.219653179191 0.442196531792 0.210826210826 0.339031339031 0.0679824561404 0.0812621832359 0.0926334362594 0.121085134539 0.0484920165582 0.0952099349497 1
0.202312138728 0.511560693642 0.156695156695 0.324786324786 0.0928362573099 0.114522417154 0.0888839876489 0.13211292457 0.083382613838 0.107628622117 1
0.202312138728 0.520231213873 0.202279202279 0.336182336182 0.0674951267057 0.0925925925926 0.0723423026026 0.0961623290693 0.063276167948 0.110585452395 1
0.104046242775 0.372832369942 0.165242165242 0.304843304843 0.0828460038986 0.113304093567 0.0816056462285 0.143361270401 0.0694855115316 0.110881135423 1
0.21387283237 0.508670520231 0.230769230769 0.358974358974 0.0645711500975 0.0791910331384 0.0816056462285 0.0970445522717 0.0783560023655 0.12862211709 1
0.208092485549 0.517341040462 0.176638176638 0.310541310541 0.0718810916179 0.0891812865497 0.080723423026 0.108072342303 0.0606150206978 0.0978710821999 1
0.297687861272 0.609826589595 0.179487179487 0.330484330484 0.0682261208577 0.0925925925926 0.0617556241729 0.105866784296 0.102010644589 0.113837965701 1
0.28323699422 0.627167630058 0.176638176638 0.350427350427 0.0596978557505 0.0877192982456 0.0573445081606 0.0838112042347 0.0931401537552 0.107924305145 1
0.306358381503 0.624277456647 0.250712250712 0.407407407407 0.062134502924 0.109649122807 0.088222320247 0.119100132333 0.125665286813 0.167060910704 1
0.245664739884 0.557803468208 0.210826210826 0.415954415954 0.0649366471735 0.103192007797 0.0842523158359 0.106307895898 0.109994086339 0.136309875813 1
0.254335260116 0.64450867052 0.216524216524 0.410256410256 0.052753411306 0.0849171539961 0.0752095280106 0.125275694751 0.114725014784 0.154050857481 1
0.260115606936 0.621387283237 0.202279202279 0.384615384615 0.067373294347 0.100511695906 0.0767534186149 0.101235112483 0.0984624482555 0.126256652868 1
0.196531791908 0.598265895954 0.168091168091 0.376068376068 0.0536062378168 0.0734649122807 0.09285399206 0.150419056021 0.102306327617 0.159668835009 1
0.28612716763 0.667630057803 0.182336182336 0.364672364672 0.0706627680312 0.0938109161793 0.0705778561976 0.108072342303 0.102010644589 0.122708456535 1
0.260115606936 0.612716763006 0.213675213675 0.358974358974 0.0633528265107 0.0743177387914 0.0816056462285 0.110277900309 0.104967474867 0.137492607924 1
0.248554913295 0.615606936416 0.205128205128 0.361823361823 0.0645711500975 0.0718810916179 0.0860167622408 0.112483458315 0.0753991720875 0.110881135423 1
0.222543352601 0.560693641618 0.145299145299 0.296296296296 0.0852826510721 0.10477582846 0.0926334362594 0.116894574327 0.0665286812537 0.0931401537552 1
0.205202312139 0.592485549133 0.145299145299 0.316239316239 0.0609161793372 0.0938109161793 0.0970445522717 0.110277900309 0.0665286812537 0.0931401537552 1
0.167630057803 0.528901734104 0.150997150997 0.310541310541 0.1011208577 0.116959064327 0.108072342303 0.156594618438 0.0960969840331 0.155233589592 1
0.257225433526 0.601156069364 0.207977207977 0.353276353276 0.142543859649 0.187621832359 0.288928098809 0.324217026908 0.205499704317 0.300118273211 1
0.28612716763 0.465317919075 0.509971509972 0.655270655271 0.0365497076023 0.0511695906433 0.14997794442 0.251433612704 0.297161442933 0.394736842105 1
0.263005780347 0.563583815029 0.42735042735 0.655270655271 0.0755360623782 0.0999025341131 0.163211292457 0.310983678871 0.282377291543 0.368125369604 1
0.21098265896 0.442196531792 0.19943019943 0.34188034188 0.0718810916179 0.0913742690058 0.176444640494 0.183061314513 0.113837965701 0.208456534595 1
0.21098265896 0.442196531792 0.22792022792 0.37037037037 0.0633528265107 0.0743177387914 0.125716806352 0.134539038377 0.0842696629213 0.167060910704 1
0.21098265896 0.471098265896 0.17094017094 0.2849002849 0.0548245614035 0.0877192982456 0.110277900309 0.12130569034 0.0753991720875 0.131578947368 1
0.219653179191 0.566473988439 0.242165242165 0.384615384615 0.0706627680312 0.0938109161793 0.145566828408 0.174239082488 0.199586043761 0.217327025429 1
0.317919075145 0.580924855491 0.2849002849 0.458689458689 0.162037037037 0.208333333333 0.264666960741 0.337450374945 0.181845062093 0.220283855707 1
0.205202312139 0.5 0.207977207977 0.339031339031 0.142543859649 0.162037037037 0.152183502426 0.202911336568 0.193672383205 0.211413364873 1
0.239884393064 0.632947976879 0.25641025641 0.461538461538 0.0365497076023 0.0408138401559 0.105646228496 0.199602999559 0.154346540509 0.2063867534 1
0.135838150289 0.352601156069 0.321937321937 0.464387464387 0.0694444444444 0.1011208577 0.180855756506 0.207322452581 0.17297457126 0.252808988764 1
0.156069364162 0.43063583815 0.293447293447 0.458689458689 0.057261208577 0.0816276803119 0.116894574327 0.130127922364 0.137492607924 0.190715552927 1
0.196531791908 0.445086705202 0.339031339031 0.487179487179 0.0816276803119 0.103557504873 0.207322452581 0.244816938685 0.238024837374 0.338557066824 1
0.132947976879 0.378612716763 0.282051282051 0.452991452991 0.062134502924 0.0791910331384 0.138950154389 0.147772386414 0.119751626257 0.167060910704 1
0.182080924855 0.442196531792 0.339031339031 0.512820512821 0.0548245614035 0.0657894736842 0.125716806352 0.161005734451 0.205499704317 0.270549970432 1
0.135838150289 0.410404624277 0.290598290598 0.447293447293 0.062134502924 0.0791910331384 0.12130569034 0.125716806352 0.12862211709 0.175931401538 1
0.231213872832 0.479768786127 0.353276353276 0.490028490028 0.0584795321637 0.0657894736842 0.116894574327 0.125716806352 0.102010644589 0.164104080426 1
0.182080924855 0.401734104046 0.31339031339 0.458689458689 0.0791910331384 0.0962475633528 0.163211292457 0.172033524482 0.14340626848 0.226197516263 1
0.176300578035 0.378612716763 0.324786324786 0.461538461538 0.0633528265107 0.0865009746589 0.119100132333 0.143361270401 0.119751626257 0.181845062093 1
0.167630057803 0.419075144509 0.304843304843 0.467236467236 0.0609161793372 0.0682261208577 0.110277900309 0.145566828408 0.110881135423 0.167060910704 1
0.222543352601 0.384393063584 0.45584045584 0.552706552707 0.0596978557505 0.0755360623782 0.14997794442 0.209528010587 0.240981667652 0.294204612655 1
0.121387283237 0.28323699422 0.321937321937 0.467236467236 0.0767543859649 0.102339181287 0.255844728716 0.304367004852 0.246895328208 0.37403903016 1
0.187861271676 0.367052023121 0.373219373219 0.504273504274 0.0633528265107 0.0901559454191 0.163211292457 0.218350242611 0.161147250148 0.27350680071 1
0.173410404624 0.346820809249 0.381766381766 0.504273504274 0.0667641325536 0.0824805068226 0.177106307896 0.215041905602 0.17297457126 0.272915434654 1
0.239884393064 0.453757225434 0.413105413105 0.527065527066 0.0450779727096 0.0592105263158 0.155050727834 0.237979708866 0.21318746304 0.322294500296 1
0.21676300578 0.390173410405 0.42735042735 0.529914529915 0.0458089668616 0.0562865497076 0.147331274813 0.215924128805 0.221762270846 0.312832643406 1
0.248265895954 0.489595375723 0.152991452991 0.61339031339 0.142811890838 0.169054580897 0.0240405822673 0.21431407146 0.0121230041396 0.0263453577765 1
0.324566473988 0.561271676301 0.331623931624 0.625356125356 0.12128411306 0.173806042885 0.0394133215704 0.219916188796 0.0191011235955 0.0311354228267 1
0.320809248555 0.526011560694 0.327635327635 0.683760683761 0.211013645224 0.250852826511 0.0884428760476 0.268195853551 0.030159668835 0.0354819633353 1
0.468208092486 0.320809248555 0.424501424501 0.421652421652 0.68932748538 0.768640350877 0.0860167622408 1.0 0.0582495564755 0.222353636901 1
0.346820809249 0.167630057803 0.504273504274 0.501424501425 0.119273879142 0.185550682261 0.415527128363 0.567269519188 0.102602010645 0.410408042578 1
0.439306358382 0.245664739884 0.353276353276 0.324786324786 0.18932748538 0.36769005848 0.0187472430525 0.45699161888 0.0615020697812 0.16883500887 1
0.528901734104 0.35549132948 0.407407407407 0.441595441595 0.385964912281 0.570419103314 0.0851345390384 0.648654609616 0.0227675931402 0.0626848018924 1
0.439306358382 0.277456647399 0.373219373219 0.333333333333 0.196271929825 0.510477582846 0.0264666960741 0.455447728275 0.0641632170313 0.188645771733 1
0.505780346821 0.170520231214 0.125356125356 0.34188034188 0.00657894736842 0.0236354775828 0.0218350242611 0.0818262020291 0.0600236546422 0.0697811945594 1
0.28901734104 0.482658959538 0.324786324786 0.547008547009 0.158747563353 0.414108187135 0.0716806352007 0.323114247905 0.203429923122 0.424305144885 1
0.369942196532 0.205202312139 0.569800569801 0.527065527066 0.196150097466 0.209429824561 0.394353771504 0.500220555801 0.225310467179 0.57510348906 1
0.0202312138728 0.456647398844 0.22792022792 0.447293447293 0.0264376218324 0.0389863547758 0.0644022937803 0.295544772828 0.337374334713 0.41159077469 1
0.0 0.268786127168 0.219373219373 0.387464387464 0.0374025341131 0.0499512670565 0.105425672695 0.120202911337 0.132170313424 0.175044352454 1
0.306358381503 0.56936416185 0.478632478632 0.487179487179 0.173123781676 0.201023391813 0.198500220556 0.279223643582 0.21584861029 0.285629804849 1
0.401734104046 0.106936416185 0.373219373219 0.37037037037 0.109770955166 0.125609161793 0.218129686811 0.516321129246 0.612063867534 0.671791839148 1
0.260115606936 0.0231213872832 0.236467236467 0.253561253561 0.0338693957115 0.0473927875244 0.0652845169828 0.0917512130569 0.0789473684211 0.0848610289769 1
0.471098265896 0.028901734104 0.353276353276 0.866096866097 0.0884502923977 0.117446393762 0.0763123070137 0.243273048081 0.0141927853341 0.0289769367238 1
0.395953757225 0.0231213872832 0.264957264957 0.80056980057 0.149488304094 0.177022417154 0.0191883546537 0.235994706661 0.0 0.0209934949734 1
0.523121387283 0.367052023121 0.527065527066 0.666666666667 0.0811403508772 0.103313840156 0.17490074989 0.201588001764 0.232998225902 0.273211117682 1
0.618497109827 0.263005780347 0.626780626781 1.0 0.145467836257 0.199561403509 0.428981032201 0.625275694751 0.113246599645 0.228562980485 1
