1.67 1.83 1.83 2.17 1.33 1.83 1.33 1.67 1.33 1.67 1.17 1.5 1 1.67 1.17 1.33 1.33 1.83 0
4.17 6.33 4.83 8.33 6.83 8.5 6 8.33 8.5 10.17 6.83 10.5 6 6.67 3.83 8.5 6.67 11.33 1
7.67 10.17 9.17 13.33 9.67 13 3.33 7.33 4.33 8.33 3.5 4.67 4 4.67 5.83 8.83 4 6.17 1
5.17 7 6 8 5.17 8.83 8.33 12.83 4.83 7.5 6 9.67 4.83 8.5 5 10.5 6 6.5 0
6.33 9.5 7 9.5 7.17 10.33 6.83 8.5 6.5 11.67 5.5 9 10.17 13.67 10.5 13.83 10.83 14.33 1
5 9.5 5.5 8 3.67 6.33 5.67 10.67 5.83 9.33 5.33 9.67 8 11.67 5.83 10.17 6.17 6.83 1
3 8.67 5.33 6.67 7.67 13.17 4.33 9 7.67 11 5.83 7.67 4.67 8.83 4.83 7.5 4.83 5.5 1
8.17 13 8.17 8.83 9.67 10.83 5.67 9.67 5.17 10.17 5.33 8.5 6.17 7.5 6.83 9.83 3.83 9.67 0
2.67 3.17 2.5 3.83 3.33 3.67 1.17 1.33 1 1 0.83 1.67 0.83 1 0.67 0.83 1.17 2 0
0.67 1.17 1 1.33 0.67 1.67 0.5 0.67 0.83 1.17 0.83 1 0.67 0.83 0.33 0.67 1.17 1.33 1
7.17 9.67 7.83 9.5 6.33 9.33 4.17 8.17 6.67 8.67 4.67 8.67 4.17 8.67 6.17 9.33 5 10.33 1
7.33 10.83 6.83 9.5 7.67 9.33 6.5 10.17 6.17 10.83 5.5 7.5 6.83 8.67 3.67 10.5 6.83 11.5 1
6.67 10 7.17 10.67 7.83 11.5 4.67 7.33 6.67 7.5 4 4.5 6 8.17 5.33 7.17 7.33 10.33 1
5.5 8.5 5.17 10 9.5 10.33 10.33 11.33 10.83 14.17 10.83 13.5 9.17 13 10.17 12 6.83 8.5 1
9.83 12.33 6.33 11.67 6 7.83 6.17 7.67 4 12 9 11.83 7.83 11.83 8 9.67 8.17 12.17 0
8.67 9 3.17 7.17 3.17 3.5 4.67 6.33 0.67 1.17 0.67 1 0.5 0.83 0.5 0.83 0.67 1.33 0
1 1.33 1.17 1.5 1 1.33 0.67 0.83 0.83 1.17 0.83 1 0.5 0.67 0.33 0.67 0.83 1.33 1
10.5 15.5 11.17 13.67 11.17 13.5 4.17 5.83 4.67 5.33 6.67 9 6.33 9.17 9 9.67 8.33 11 1
5.33 9.67 8.17 9.83 6.5 9.33 9.83 10.33 7.17 8 4.17 8.83 4.17 5.33 3.33 8.17 7.67 9 0
1.5 2 2.17 2.33 2 2.33 1 1.5 0.5 0.83 0.5 0.83 0.67 1.33 0.5 0.83 0.67 1.17 0
1.33 1.67 0.83 1.67 1.17 1.67 0.83 1 0.83 0.83 0.83 1.17 0.83 1.33 0.67 0.83 1 1.5 1
2.67 4.5 1.83 3.83 2 2.33 1.83 6.67 1.83 2.33 1.67 4.17 1.33 6.33 2.67 3.33 5.33 6.17 1
3.83 6.67 3.17 5.33 3.33 6.67 4.17 6.67 3.83 6.83 3.33 7.33 7.83 8.17 4.17 8.5 3 4.5 1
5.5 7.67 4 7.67 3.17 7.17 4.67 8.67 3.67 6.5 4.67 5.17 3.17 6.33 1.67 5.33 2 5.5 1
4.83 7.5 3.17 8.5 3.17 6.83 3.67 5.83 5.83 12.67 7 10.67 5.5 13.33 1.83 5 3.5 6.67 1
2.33 6.5 4.33 8 4.17 9.5 1.5 4.83 2.33 4.17 1.5 5 4.67 9 3 8.17 2 3.67 0
0.83 2 1.5 3.83 1.17 1.5 1.17 1.33 0.5 0.83 0.33 0.5 0.33 1.33 1 1.17 0.67 1.17 0
0.5 0.83 0.5 0.67 0.67 0.83 0.33 0.67 0.17 0.5 0.17 0.67 0.33 0.33 0.33 0.67 1.17 1.17 1
2.33 8.33 6.67 6.83 2.5 6.5 1.33 2 0.83 2 1 1.83 1 1.67 1.67 1.83 2 2.5 1
2 2.5 2 2.67 2.33 4.17 5.83 6 5.5 5.83 5.83 6 5.67 6.33 1.33 1.83 2.33 3 1
6.5 7.17 7.17 7.67 7.33 7.83 1.67 6 2.17 2.5 1 5.67 6 6.33 1.33 6.33 1.5 2.83 1
1.67 2.33 1.83 2.33 1.33 2 1.17 1.5 1.17 1.5 1.17 1.67 1.17 2.17 1.67 2 1.67 2.17 1
1 1.67 0.67 0.83 1 1 0.5 0.67 0.33 0.5 0.67 0.83 0.5 0.83 0.33 0.5 1 1 0
1 1 1 1.33 1 1.67 0.33 0.83 0.33 0.83 0.33 0.67 0.17 0.5 0.33 0.83 0.67 1.33 0
0.33 1.33 0.5 0.67 0.67 1 0.5 0.67 0.5 0.67 0.5 0.5 0.33 0.67 0.33 0.67 0.67 1 1
6.67 7.33 6.67 6.83 6.67 7.33 7 7.83 1.67 7.33 1.5 2 1.33 1.83 6.5 6.67 2.17 2.67 1
6.83 7.5 6.33 7.17 1.83 6 2.17 2.67 2.17 4.33 5.5 5.83 6 7.5 1.33 1.67 1.83 2 1
6.67 7.67 8.33 8.83 3 7.17 1.17 1.5 6.17 6.5 5.83 6.33 6.17 6.83 0.83 1.33 1.5 2.67 1
0.83 1 1 1.33 0.67 1 0.5 0.83 0.67 0.67 0.5 0.67 0.33 0.67 0.5 1.17 0.83 2.33 0
0.5 1.33 1.33 1.5 0.67 1.17 0.5 0.67 0.33 0.33 0.17 0.5 0.33 0.67 0.33 0.67 0.83 1 1
2 2.33 2 2.67 2.33 2.67 1.5 1.83 1.67 4.17 1.33 1.33 1.33 2.33 1.17 2.17 1.83 2.17 1
2.67 3.17 3 3.17 3.33 4 2.33 3.33 1.67 3.17 2 2.67 2 2.67 1.67 2.17 2.67 2.83 1
2.17 2.67 2 2.5 2.83 3.17 2.83 3.17 2.67 3.67 2.5 3 2.5 2.83 2.33 2.5 2.67 3.5 1
2.67 3 2.67 3.17 2.83 3.33 2.17 2.5 2.33 3.5 1.83 2.67 2 2.67 1.67 2.83 2.67 3.17 1
2.17 2.83 3.17 3.33 2.83 3.17 2.83 2.83 2 2.83 2 2.5 2.33 2.67 1.83 2.5 2.5 2.83 0
1.5 1.5 1.83 2 1.67 2.83 1.17 1.83 1.33 1.5 1 1.17 0.83 1 0.83 0.83 1.67 2 0
0.83 1.17 1 2 1.5 3.83 1.33 15.33 1 17.67 0.83 1 1 1.17 1.17 1.33 1.5 2 1
4.17 7 4.67 5.33 4.17 5.17 3.33 8.67 3.67 4.33 3.5 4 3.17 5.83 4.67 6.5 4 5 1
6.17 7 4.83 5.83 4.67 7.5 3.67 6.5 4.5 6.5 5 5.17 3.33 5.17 4.83 8.17 4.17 4.83 1
4.67 6.5 3.67 5 3.67 7.33 3 4.17 5 6.83 2.83 4.17 2.83 3.17 2.83 4 4 7.83 1
4.33 5.17 5 5.5 2.67 7.5 2.67 6.67 3.67 5.67 6.33 8 3.83 8 5.17 8.67 4.33 7.33 1
5.33 9 6 9.17 5.67 9.67 4.83 8.67 5 5.67 8.17 9.5 4.67 6 8.17 9.67 7.33 8.83 0
1.5 1.67 1.5 2.17 2.17 2.5 1.33 2.67 1 1.17 1 1.33 0.67 1 0.83 1 0.83 1.33 0
0.67 0.83 0.83 1 0.67 0.83 1 1 0.67 0.83 0.67 1 0.83 1 0.67 0.83 0.67 1.17 1
3.67 8.17 4.33 9 5.17 8 8.17 10 7.83 9.5 8.17 11.17 8.17 10.83 2.83 3.83 4 10.33 1
5.17 9.17 5.17 5.5 5.33 10.5 4.17 8.5 6.33 10.5 5.67 9.67 5.83 7.33 4.5 10.33 7.67 10.17 1
5.67 8.83 5.5 5.83 6.17 9 5.67 10.83 4.17 8.67 3.33 4.83 4 5.5 4.33 7.17 5.67 9 1
1.5 1.67 1.17 1.67 1.33 1.5 1 1.67 1 1.17 1 1.17 1 1.17 0.83 1.17 1 1.33 1
3.17 5.83 2.33 5.83 2 5.5 2 6 2.17 3 1.83 5 2.33 5 1.83 5 2.17 5.33 0
1.67 2.33 1.5 2.17 1.83 2 1.17 1.17 0.83 1.17 1 1.33 1 1 1 1.17 1 1.33 0
1.17 1.33 1 1.67 1.17 1.33 0.83 1.17 1 1 0.83 1.17 0.67 0.83 0.83 1.5 1 1.67 1
4.83 8.83 4 4.67 4.17 4.5 3 5.17 5.17 6.83 2.67 4.5 2.67 3.67 3.17 6.83 3.5 4.5 1
4.83 7.33 4.33 4.83 3.83 6.83 2.33 4.67 3.5 3.83 4 8 3.83 4.83 5.5 8.67 3.83 4.67 1
5.5 11.17 7.5 9.67 4.83 5.33 4 8.67 5.17 6.5 4 5.5 3 4 2.67 4 3.67 4.33 1
4.5 7.67 3.5 4.5 3.17 6.33 3.83 4.83 4.17 5.67 5.67 7.17 4 5.67 2.83 7.67 3.83 7.17 1
4.33 7 5.33 6 3 6.5 7 9.83 4.67 9.33 5.67 6.67 3.5 7 4 9.33 5.67 10.67 0
1.5 2 1.67 2.33 2 2.33 1 1.5 1 1 0.67 1 0.83 1.33 0.83 1.17 1.5 2.17 0
1 1.17 1.17 1.67 1.17 1.5 0.83 1 1 1.5 0.83 0.83 0.67 0.83 0.67 1 0.83 1.67 1
4.67 5.33 4.5 5 3.83 4.33 4.5 8 4.5 9.33 3.83 5.33 5.5 9.33 4.33 6.5 7 11 1
5.67 8 5.67 7.17 4.67 9.5 5.5 9.67 8 9.33 5.67 7 4.5 7 5.17 6.83 4.33 8.17 1
3.67 8.33 4.17 8 4.83 8 4.67 7.5 5.5 9.67 5.17 7.83 4 6.5 4.33 8.67 6.67 10.17 1
5.33 7.67 4.33 8.33 4.67 8.5 6.33 9.5 6.83 10 6.67 9.67 5 7.5 5.33 7.83 4.5 8.5 0
1.67 2.33 1.83 1.83 2 2.17 1 1.33 0.83 0.83 0.67 0.83 0.67 0.83 0.67 0.83 1.33 1.5 0
0.67 1.5 0.83 1 0.83 0.83 0.83 0.83 0.67 1 0.67 1 0.67 0.83 0.67 1 0.83 1.5 1
3.67 9.17 4.5 7.5 5.33 6.5 3.33 7.67 4.33 10.17 4.67 7.17 3.17 5.33 4.33 8.83 5.33 9 1
4.33 9.17 4.83 8.5 4 8 2.67 6.67 4.33 8.33 2.5 7 2.67 6.67 2.67 3.17 4 7.33 1
5.5 7.67 5.67 5.83 5.33 9 3.33 6 3.83 4.83 3.5 7.67 2.83 5.67 3.5 6.17 3 5 1
6 7.5 4.33 5.83 4 8 4 7.5 3.33 4.33 2.67 7.5 3 5.67 2 6.33 4.83 8.17 1
6.5 10.5 4.5 6.67 6.67 7.83 3.5 6.17 6 7.33 4.5 9.17 5.5 8.5 3.67 8.33 3.33 8 0
1.83 2.17 1.83 5.67 2 4.67 0.83 1.33 1.17 1.83 0.83 2 1 1.17 0.83 1 0.83 1.5 0
1 1.17 0.67 0.83 0.67 1.33 1 1.5 0.5 1 0.67 1 0.67 1 1 1.17 0.83 1.17 1
5.83 9 4.33 6 4.33 7.83 3.83 8.5 4.83 8.33 4.17 6.33 4 8 5.83 7.83 5.17 7.33 1
3.5 6.67 3.5 8 3.83 8.83 3.5 8.17 4.17 5.67 5.5 7.5 3.33 4.5 2.83 3.83 3.67 6.17 1
4.67 7.17 6 10 5.17 6.5 5.17 7.83 6.17 8 4.17 8.67 3.67 7.5 6.67 11.17 8.5 13.5 1
3.83 5.17 3.67 6.83 3.83 4.67 6.83 12.67 5.33 7.5 5.33 6.5 4.5 8 4.17 7.83 7.33 10.67 1
3.83 5.33 4.33 7.17 3.33 8.17 5.17 7.83 3.83 5.33 6 8.67 4.67 8.33 4.17 4.83 4.83 8.67 0
3.67 6.67 2 7.17 2.5 4 1.17 3.17 1 1.17 0.83 1 0.83 1.17 0.67 0.83 1.17 1.67 0
1 1.17 0.83 1.17 0.83 0.83 0.83 1 1 1.17 0.67 1 0.67 0.83 0.83 1 0.83 1.33 1
5.17 5.83 5 6.33 5 9.83 3.83 7.5 7.17 8.17 3.67 4.33 4 7.67 2.83 7.83 4.17 9 1
3.67 8.17 3.33 8 3.67 6.83 4.67 7.67 6 10 4.67 9.5 3.33 6.67 3 4 3.83 6.17 1
4.33 6 4.33 5.83 3.83 7.67 3.17 7.67 4.67 5.5 3.33 4.67 4.17 5.5 3.83 5 3.67 4.33 1
5.83 10.33 3.33 5.5 4 6.5 3.17 6.17 3.5 7.83 3.5 7.17 3.83 6.5 3.67 6.5 3.5 8.33 1
4.17 4.83 4.5 7.33 2.83 3.5 3.17 5.17 3.5 3.67 3 3.83 3.67 4.5 3.5 4 3.17 4.67 0
2.17 2.33 1.67 2.17 1.33 1.83 1 1.33 0.83 0.83 0.83 1 0.67 1 0.83 1 1.33 1.5 0
1.17 1.5 1.17 1.33 1.33 1.33 1 1 0.83 1 1.17 1.33 1 1.33 1 1.17 1.17 1.33 1
4.83 7.5 4.33 7 4.17 7.17 3.17 7.33 5.5 7.67 5.33 8.67 4.17 8.17 5.33 7.83 4.83 8 1
4.5 5 5.33 9.83 5.17 9.33 5 8.83 6.17 9.67 4.83 7.33 5.83 9.5 3.67 7.33 4.5 7.17 1
4 8.67 5.83 8.17 3.5 4.33 4.17 5 4.67 9 4.33 7.83 3.67 7 3.5 5.33 3.5 6.83 1
3 6.17 3 7 3.5 6.67 2.83 6.17 4 7.83 3.33 7.33 4.5 4.83 4.67 7.17 4.17 7.33 1
4.33 11.5 8.17 9.83 7.83 11.67 8.83 12.67 6.83 9.5 4.5 7.67 4.33 4.67 5.17 10.5 6 9.17 0
2.33 6.67 2.67 7 3.67 5.33 1.83 2 0.83 1.67 0.83 1.17 0.83 1 0.83 1 1 1.33 0
0.83 1 1 1.33 1 1.67 0.83 1 0.83 1 0.67 1 0.67 1 0.67 0.83 1 1.33 1
3.83 9 4.5 8.33 4.33 7.33 3.83 4.67 5 6.67 4.17 8.5 4.83 6.83 4.33 8 5 7.33 1
4.33 7.83 4.17 5.67 4 8 5.17 6.17 5.5 9.33 5 6.67 5.67 10.67 5.67 6.17 5 9.17 1
5.33 10.17 5.17 9.17 3.67 9 3.33 4 3.17 4.83 4.67 7.83 4.67 10.33 3.5 7.17 3.5 6.67 1
3.67 7 2.83 5.5 4.33 7.67 3.67 6.17 3.83 8.33 5 7.33 5.17 8.67 4.5 8 4.5 8 1
4.67 9.17 6.5 7.5 5.33 9.17 3.17 3.83 6.67 13 4.33 8.17 8.33 9.5 4.33 8.17 5.17 7.83 0
1.5 1.83 1.67 2 1.67 2.33 1.67 2 1.67 1.67 1.33 1.67 1.5 1.67 1.33 1.5 1.33 1.67 0
1.33 1.67 1.33 1.67 1.5 1.83 1.83 2.33 1.33 2 1.33 1.83 1.33 1.5 1.33 1.5 1.5 2 1
5.17 7.5 5.17 6.67 5.33 8.5 3.83 4.33 4.17 11.17 4.17 7 4.67 7.5 5.5 8 5.33 8.67 1
3.17 6.5 2.5 5.5 3.33 8.17 4.5 4.67 4.83 8.5 6.33 9.5 5.67 9.67 4.83 8.17 7.5 8.33 1
5.67 8.67 5.33 9.17 5.33 8.83 4.5 8 5.67 10 3.67 8.67 3.67 4.67 3.5 4.33 3.67 4.5 1
5.5 8.67 4.33 8.67 4.83 8.83 6.17 10.33 8.5 10.5 6.5 9.33 6.17 7.83 4.83 9.17 6 7.5 1
3.67 4.17 4.17 6.67 6.33 10.17 8.83 10.33 6.5 10 7.33 8.33 4.17 6.17 4.17 6.5 3.33 4.67 0
2.33 2.5 1.5 2.17 1.83 2.17 1.33 1.83 1 1.33 0.83 1.33 0.83 1.33 1.17 2.17 0.83 0.83 0
1.17 1.33 1.17 1.5 1.67 2 0.5 0.83 0.67 1 0.83 1.17 0.67 0.83 0.83 1.67 0.67 1.33 1
3.5 7.83 4.33 8.5 5.67 8 5 7.67 6.67 9.5 5.67 9.17 5.5 8.67 5 7.67 6.67 9.33 1
5.33 7 5 8.83 4.67 8 6 8.5 4.5 7.33 3.5 4 2.83 3.83 2.83 4.33 3 4.5 1
3.67 8 5 9.67 5.33 9 5 7.83 6.17 8.33 4 8 4 5.67 5.83 6.5 3.5 5.83 1
3.83 8.83 6 8 4 4.5 4.5 5.5 4.17 7 3.17 6.67 3.33 6.83 3.5 4.33 6.83 8.33 1
3.5 7.83 3.83 8.17 3.33 7 4.17 7.83 8.33 9.83 6.17 9.67 5.33 7.5 3.5 8.67 6 9.17 0
3 4.33 2.5 3.17 2.5 3.67 1 1.83 1 1.33 1.17 1.17 1.17 1.17 0.83 0.83 0.67 1.33 0
1.67 2 1.33 1.67 1.33 1.5 1.17 1.33 0.83 1.17 1 1.17 0.83 1 1 1.17 0.83 1 1
4.67 10.5 5.83 6.83 3.5 3.83 3.83 8.67 4.17 8.5 3.67 4 3.67 7.17 2.83 4.83 4.17 8.67 1
4 8 4.5 7 4.67 5.67 4.83 7 4.33 5.5 3.33 8 3.83 8.67 3.5 8.33 4 7.33 1
4.33 7.5 4.33 5.5 6.67 9.83 5.5 9.67 6.67 9.5 3.5 5.5 4.17 4.83 5.17 8 4.67 7 1
4.5 7 3.67 8 4.5 6 4 7.17 3.67 8.83 3.67 8 3.33 4.17 3.33 3.83 4.83 10.83 1
4.33 4.83 3.83 8.67 3.67 4.17 9.33 12 6.5 10.17 5.83 8.33 5.83 6.5 5 8.83 5.33 10.17 0
3 3.17 2.83 3.17 2.17 3.5 0.83 1.5 0.67 1 0.67 1.5 0.83 2.17 0.67 0.83 0.67 0.83 0
0.83 1 0.83 1.33 1.33 2 0.83 1 0.83 1 0.67 1 0.67 1 0.83 0.83 0.5 0.83 1
5.33 7.33 5.17 9.17 4.33 5 4.33 9.5 4.83 8.33 5.33 7.83 4.67 8.17 5 8.67 5.83 8.33 1
4.83 9 7.17 9.17 5.67 9.67 6.67 10 6.33 10.5 6.67 10 5.5 9.5 4.17 5.83 6.67 9.33 1
3.67 7 3.33 7.67 3.67 3.83 5 8.83 4.67 5.83 4 6.33 4.5 7.67 4.67 8 8.17 9.83 1
6 8.33 4.67 9 4.5 9.33 5.5 8 4.83 7.33 4.33 4.67 2.67 7.67 2.5 2.83 2.67 6.67 1
3.83 8.17 3.17 7.83 2.67 7.17 4.67 7.83 2.67 5.17 3.67 5.17 3 7.5 3.17 4.83 3.5 4.67 0
1.83 2 2.67 3.5 2.17 3.17 1.67 2 1 1.33 0.83 1.17 1 1.17 1 1.17 0.83 1 0
1 1.33 1 1.83 1.33 1.5 1 1.33 1 1.17 1 1.17 0.67 1 0.67 0.83 0.83 1 1
4.17 4.33 3.83 4.17 3.67 4.17 3.33 8.5 3.5 4.67 2.83 5.5 3.17 4 2.83 6 5 7.33 1
3.67 8.67 4.33 7.17 4.67 7.17 4.83 8.5 5.17 5.83 4.67 6.83 3.33 4.33 4.67 5.33 4.83 7.83 1
4.17 7.5 4 8.17 3.67 6.83 2.67 7.67 3.83 7.33 3.17 4.5 3.5 5.83 7 8.83 4.5 5.17 1
4.83 9.17 6.17 10 4.67 7.67 4 5.83 5.17 7 4.67 9 4.33 5.83 3.33 7.67 4.5 8 1
3.67 7.83 3.67 8.83 5.67 7 5.67 8.67 4.33 8.67 4 9.17 4.83 7.83 3.33 3.67 5.83 8 0
1.5 1.83 1.83 2.33 1.83 3.17 1.33 1.67 1.17 1.5 1.17 1.33 1.33 1.5 1.17 1.67 1 1.17 0
1.17 1.33 1.17 1.5 1.5 1.83 1.33 1.5 1.17 1.33 1.17 1.67 1.33 1.5 1.17 1.33 1 1.33 1
1.17 1.5 1.17 1.5 1.33 1.67 1.17 1.5 1.17 1.17 1.17 1.5 1 1.33 1.17 1.33 1 1.17 1
4 7 5.5 6 4.33 9.33 0.1 7.5 5 9.67 5.17 8.17 3.67 6.17 5 7.5 3.33 4.83 1
4.5 5.83 5.33 9.33 4.5 8.5 5.83 8.67 6.17 9.67 5.5 7.33 4.83 9.33 6.83 10.5 4.67 5 1
3.17 8.17 3.67 4.5 4.33 5 4.83 11.67 6.5 9.17 6 8.33 5.33 6.67 5.5 8.33 3.33 5.17 1
4.5 7.33 3.33 4.83 3.5 7.33 4.33 7.83 5 7.33 3.83 6.5 4 5.83 3.17 3.5 6 8.33 0
2 2.83 2 2.17 2 2.67 1.33 1.5 1.17 1.67 1.17 1.5 1.17 1.17 1.17 1.17 1 1.17 0
1.33 1.5 1.17 1.33 1.17 1.5 1.33 1.67 1.17 1.5 1.17 1.33 1.17 1.33 1.33 1.5 1 1.5 1
3.17 3.5 4.17 9 5.17 6.5 3.5 8.33 5.33 9.67 4.5 5.33 3.5 7.33 6 6.67 4 5.67 1
4.83 5.83 4.83 9.83 5.33 6.83 3.83 5 4.67 8.5 4 6.67 3.83 4.17 4.33 7.83 4.5 8 1
4.67 7.5 4.5 9.33 4.67 10 4.83 7.5 3.5 5.67 3.5 7.67 4 5 4.5 9 5.5 9.33 1
4 6.33 4.17 5.17 3 7.67 4.67 6.5 3.67 8.33 3.33 6.67 4.33 9.17 3.5 8.33 3.67 6.5 1
4 8.83 7 8 5.17 10.83 5.83 9.83 4 9 4.17 7.5 4 7.5 7 8.5 6 8 0
2.67 3.83 3.33 7.17 4.5 6 1.5 2 1.5 1.67 1.33 1.67 1.67 1.83 1.5 1.83 1.33 1.83 0
1.83 2 1.17 1.5 1.67 2.17 1.33 1.67 1.5 1.5 1.33 1.67 1.33 1.67 1.5 1.67 1.33 1.5 1
4 8.67 4.5 7.83 4.67 7.67 4.83 8.83 4.83 8.5 5.67 7.67 4.17 6.5 7.33 9.17 4.5 5.83 1
3.67 7.5 4.33 9.17 7.33 13.17 6.67 9.5 6 9.5 4.67 7.67 4 9.17 3 7.17 3.33 5.83 1
4 8.5 4.83 7.17 4.33 7 2 6.5 2.67 5.17 2 2.33 1.83 2 1.67 1.83 1.17 1.5 1
1.17 1.5 1.5 2.17 1 1.33 1 1.67 1 1.17 0.83 1 1 1.17 1 1.17 1 1.17 1
1.5 1.67 1.17 1.5 1.33 1.5 1 1.33 1.17 1.17 1 1.33 1 1.17 1.17 1.33 1 1.17 0
1.33 1.5 1.33 1.83 1.33 1.83 1.17 1.67 1.17 1.33 1.33 1.67 1.17 1.17 1.33 1.5 1 1.33 0
1.17 1.33 1.17 1.33 1.33 1.5 1.17 1.33 1.17 1.5 1.33 1.33 1.17 1.5 1.17 1.33 1 1.17 1
2.67 7 3.33 5.67 3.17 7.33 2.33 5.5 2.33 3.33 2.5 3.33 2.67 3 3 6.67 2.5 3.5 1
2.33 7.5 3.33 5 3.33 7.33 4.17 6.83 3.17 6.5 2.5 6.17 3 4 5 6.67 3.17 3.5 1
3.5 5.67 2.67 3.17 3.67 6 2.5 3.33 2 2.5 2 2.33 1.83 2.33 1.67 1.83 1.67 2.33 1
1.67 1.67 1.5 2 1.67 2.17 1.5 1.67 1.5 1.5 1.5 1.5 1.5 1.67 1.33 1.5 1.17 1.33 1
2 2.5 2.83 3 2.17 2.33 1.83 2.17 2 2.33 1.83 2.33 1.83 2.17 1.5 1.67 1.5 1.83 0
1.5 1.83 1.67 1.83 2 2.5 1.33 2.17 1.17 1.5 1.5 1.5 1.17 1.33 1.17 1.5 1 1.5 0
1.33 1.67 1.5 1.67 1.5 1.5 1.17 1.33 1.17 1.33 1 1.17 1.17 1.5 1.17 1.5 1.17 1.33 1
2.5 3.17 2.83 3.67 3.17 4.5 2.17 2.5 2.5 2.67 2.33 2.67 1.83 2.17 2.33 9.33 1.33 1.5 1
1.33 1.33 1.5 1.67 1.33 1.5 1.17 1.5 1.17 1.33 1.17 1.17 1 1.33 1.17 1.5 1.17 1.33 1
4.33 4.5 5 5.17 3.5 4.5 4.67 7.17 4.67 7.17 4 4.17 4.67 7.17 3 7 3 4.33 1
6.83 9 5.17 9.67 5.17 6.5 5.33 8.67 6 9.5 5.5 8.5 5.17 6.67 6.67 10 4.5 6.5 1
5.5 8.5 4 5.67 4.17 8.5 6.67 9.67 8 9 5.67 6.67 6.5 9.83 6.17 6.33 5.17 7.17 0
2.83 3.5 2.67 3.5 3.5 4 1.67 2.33 2 2.33 2.17 2.5 1.83 2.5 1.83 2.5 1.67 1.83 0
1.83 2.17 1.83 1.83 1.83 2.17 1.83 2 1.83 1.83 1.83 2.5 1.67 1.83 1.67 1.83 1.5 1.83 1
7.17 9.33 5.67 9.17 4.67 6.5 6.17 9.5 5.83 9.5 4.67 8.67 4.67 8.5 7.17 7.67 4.33 7 1
4.5 8.33 4.17 6.5 4.17 8 4.5 7 4.5 9.33 5.5 9 4.67 6.83 3.83 7.5 5.17 8 1
5 8.33 5.67 11.83 3.83 8.33 5 7.67 5.5 9 3.83 6.33 3.5 7.5 3.83 8.5 4 5 1
7.33 12.17 5.17 11.67 7.67 9 6.5 8.17 6.5 10.83 5 8.17 5.17 8.83 6 9.17 5.17 6.83 1
5 9.17 5.83 9.17 5.33 9.83 6.33 7.83 9.17 10.17 5.83 9.17 7.33 9.83 5 9.17 6.33 8.83 0
2.33 2.67 2.17 2.67 2.67 3.17 1.83 2.5 1.67 1.83 1.33 1.67 1.5 1.67 1.5 1.67 1.33 1.5 0
1.33 1.67 1.67 1.83 1.5 1.83 1.33 1.67 1.5 1.83 1.17 1.5 1.33 1.67 1.33 1.5 1.5 2.17 1
5.17 9.33 4.5 9 4.67 8.33 4.83 10.17 8.5 9.5 5 5.67 5 9.17 4.67 7.67 7.67 8.5 1
7 9.67 7 9.17 6 6.5 5.83 8.17 6.5 9.33 6.17 7.83 4.17 7.33 4.17 5.17 4.33 5.83 1
5.33 8.67 5.5 6.33 5.5 8.83 6.17 7.33 4.5 5.67 3.67 7.5 3.17 6.67 3.67 7.67 4.33 8.83 1
8.17 10.83 8.33 11.5 8.33 12 8 9.17 7.17 10.33 6.83 8.67 5 9.5 4.33 7.83 5 5.83 1
6.83 9 8.17 11.17 8.5 10.33 6.5 11.83 8.67 10.67 6.17 9.67 6.5 9.67 5.17 9 6.33 8.83 0
2.67 3 2.5 2.83 2.33 2.83 2.5 2.67 2 2.33 2.17 2.33 2.17 2.33 1.83 2.5 1.83 1.83 0
2.17 2.33 2.17 2.33 1.83 2.17 1.83 2 1.83 2 1.83 2.33 1.83 2 1.83 2.17 1.67 1.83 1
6.33 9.17 7 9.33 7 10.33 6.67 9.83 4.33 7.17 4.33 7.83 5.17 8.5 6.83 9.83 6.83 8.33 1
6 10 6.17 10.17 7.17 10 4.67 10.17 6.83 10.33 7.17 9.83 6.17 8.83 6.33 9.33 7.67 8.83 1
6.67 8.5 4.5 7.67 5.5 7.5 7.5 8.67 7.33 9 6 9.5 4.83 8.5 5 8.33 6 7.33 1
6.17 11.5 6.5 8.83 7.67 11.17 6 11.5 6.17 8.67 7.5 10.17 8 10.17 5 8.83 3.83 7.67 1
5.17 10.5 8.5 13 8.67 12.83 6.17 11.5 4.83 7.17 4.83 8.83 5.33 8.67 7 9.17 4.5 7.67 0
2.83 3 2.83 3.17 2.83 4 1.83 2.33 2 2 1.83 2 1.83 2 1.67 1.83 1.67 1.83 0
2.33 2.5 1.83 2.5 1.83 2.33 2 2 1.67 2 1.67 1.83 1.5 2 1.67 1.67 1.5 1.67 1
5.5 11 5.5 5.67 5 5.33 7.5 10.17 5.5 7.33 4.83 7.67 4 7.83 4.67 7.5 4.33 7.83 1
6.5 9.67 6 9.5 6.33 9.83 6.5 9.5 7.33 10 7.67 9.5 5.33 9.67 5 8.83 4.67 8.17 1
6.5 9.33 7.33 10 6.83 9.17 6.33 10.33 6.17 9.17 3.33 7.83 4.5 8.5 6 8.83 7.17 8.67 1
6.33 10.5 7 8.5 6 9.5 4.67 9.33 4.33 8 4.5 8.5 3.67 8 5.83 8.67 7.33 10.33 1
5.67 8 5.5 8.17 6 9.83 8.5 9 6 9.33 5.83 8.83 4.83 8.67 6 9.5 5.33 7.83 0
2.67 3 2.33 2.83 2.33 3 2.5 2.83 1.83 2 1.83 2.33 1.83 2.33 1.67 2 1.5 1.5 0
1.67 2.17 1.67 2 2 2.33 1.67 1.83 1.67 1.67 1.5 1.83 1.5 1.67 1.33 1.67 1.5 1.5 1
7.33 10 8.33 9 6.67 11 6.33 9 4.67 9.83 4.17 4.5 6 7 6.17 6.67 3.17 7.67 1
6.33 9.67 6 9.5 6.33 9.83 9.83 10.67 7.33 10.33 7 10.5 4.33 8.67 6.33 8.5 7.33 9.5 1
5.33 8.5 5.5 7.17 5 8.5 5.5 9.17 5.83 7.67 5.17 5.5 4.83 9.17 4.67 6 4.17 4.83 1
6.17 10 5.67 8.67 4.67 8 4.67 7.67 4 8 3.5 5 4 6.83 4.17 6.67 6.17 8 1
3.83 6.5 4.17 8.83 4.83 6.83 5.83 11.17 5.5 9.17 4.33 9.33 4.83 8.83 5 6 5 9.17 0
3.33 7.5 2.5 6.17 2.5 6.67 1.83 2 1.83 1.83 1.83 2.17 1.67 2 1.67 2.17 1.67 2 0
1.83 2 1.67 2.33 2 2.17 1.83 2 1.83 2 1.83 2 2 2.17 1.83 2 2 2.17 1
6 9.17 7.5 10.17 6.5 10.67 8 10.33 6.5 10 6.17 10.5 6.17 9.67 6.5 8 5.5 8.17 1
7 11.5 6.83 10.67 6.83 10.17 7.17 10.33 7.5 10.67 6 9.33 5.67 9.67 5.17 5.5 5.5 7.17 1
7.67 10.5 9 9.17 5.33 10.83 5.5 8.5 5.33 9 4.17 6.5 3.67 5.17 4.33 8.67 5 8.17 1
6.33 11 5.83 9.33 5.67 6 6.17 8.33 4.33 9.17 5 8.5 4.17 6 4.5 6.33 4.83 9.67 1
5.67 9.83 6 9.67 6.67 9.33 8.5 8.67 5.33 8.67 4.5 5.33 4.5 6.67 3.83 6.33 4.17 4.67 0
2.83 4.67 2.5 3.5 3 3.33 2 2.33 2 2.33 1.83 2.17 1.67 2 1.67 2.33 1.83 2.33 0
2.17 2.5 2 2.33 1.83 2.17 1.83 2 1.67 1.83 1.83 2.17 1.67 2 1.83 2.5 1.67 2 1
6 9.67 7 10.5 6.33 9.17 6.67 8.33 5.17 8.17 5.83 7.83 5.5 10.33 4.83 9.67 4.83 5.67 1
6.33 10 6.83 11.33 6.17 10.17 7.17 10.83 5.67 10 4.83 9.33 5.83 8 5.5 9.67 7 9.33 1
6.33 10.67 5.83 9.17 6.33 7.17 6.5 9 6 9.83 5.67 7.33 7 9.33 4.67 6.67 4.33 5.67 1
5.17 7.83 6.17 6.33 5.67 7.5 5.33 6.5 4.5 6.67 4 4.33 3.83 4.83 4.5 4.67 5.17 5.17 1
6.33 7 7 7.17 5.5 7.17 5.17 6.83 4.5 7.5 4.83 6.33 4.83 6.33 3.83 6.33 4.5 5.17 0
5 7.67 3.83 5 4 7.5 4.17 5.83 2.67 6 2.17 2.67 2 2.17 2.33 2.5 2.17 2.33 0
2.33 2.67 2.17 2.67 2.5 2.83 2.33 2.33 2.33 2.5 2.5 2.5 2.17 2.33 2.33 2.5 2.17 2.5 1
8.67 11.5 8 12.83 7.5 12 5.67 9.83 6.83 10.5 8 9.83 5.33 8 6.17 10 6.33 8 1
7.5 10.33 8.5 10.67 9 10.5 11.33 13.83 10 13 7 9.83 6 9.5 5.5 8.67 6.83 9.17 1
6.83 9.17 9.17 10 10.67 12.33 5.67 9.67 5.17 10.83 5.83 10 5.5 8.67 8.67 9.33 5 6.17 1
7.17 10.5 7 10.17 6.33 9.5 7.17 11.17 6.17 8.33 5.67 9.5 6.33 10 6.17 8.17 8.83 9.17 0
3.5 3.83 3.5 3.5 3.33 4 3.17 3.17 2.83 3.33 2.5 3 2.67 3.17 2.67 3 2.83 3.33 0
2.83 3.17 3 3.33 2.83 3.17 2.67 3 2.83 2.83 2.67 3.17 2.67 3 3 3 2.83 3 1
5.17 7 6.33 10.17 6.17 7 6 9.33 3 4.67 2.5 6.67 2.5 6.83 2.33 7.17 5.17 7.33 1
4.17 5.33 4.5 8.67 5.67 7 6.17 9.5 5 8 3.67 6.67 3 7.33 3.83 6.5 4.17 7.5 1
6.83 9.17 6.67 9.83 6 10 5.67 8 4.5 8.67 5 7.67 3.83 8 4 6.67 3.67 6.5 1
5.67 7 4.67 8.17 3.83 5.83 8.17 9.33 8.83 9.17 5 6 6.83 8.33 7.67 9.83 7.17 8.17 1
5 8.5 6.17 9.33 4.83 8.33 6 10 3.67 8.83 4 7.5 4.17 5.67 3.17 6.67 5.17 8.33 0
3.33 4.33 2 3.33 1.83 2 1 1.17 1.33 1.5 0.67 1.17 0.83 1.17 0.83 1 0.67 1 0
1.33 1.5 1 1.5 0.83 1 0.67 0.83 0.83 1 0.67 0.83 0.67 0.83 0.83 1 0.67 1 1
4.33 4.83 3.83 7.83 4.17 8.83 5.17 9.33 3.17 5 4.5 7.33 3 6.67 3 6.67 3.33 3.67 1
3.67 8.17 4.17 7.67 5.83 7.83 8.17 8.5 3.17 7 2.33 6.17 3.5 6 3.17 6 5 6 1
6.5 10.33 5.67 8.83 6.33 8.83 6 6.17 6.83 8.67 8.83 12.5 8.83 12 3.67 5.5 3.33 7.67 1
3.83 7 4.33 8.5 3.83 6.33 4.5 8.83 4.17 7.33 4.5 6.83 4.67 6.33 4.67 7.83 4.33 7.33 1
4.17 7.83 5.67 8.67 4.17 7.67 4.67 9.33 4 7.33 6.17 8.67 8.5 13.5 7.83 14.5 5.67 7.83 0
2.17 2.33 1.83 2.33 1.67 2.5 0.83 1 0.5 0.83 0.5 0.67 0.5 0.83 0.5 0.83 0.33 0.67 0
0.83 1 0.83 1.33 1 1.17 0.67 0.83 0.5 1.17 0.67 1.17 0.5 0.67 0.67 1 0.67 1.33 1
6.67 9.17 5.33 9 5.83 8.33 8 9.5 7 7.5 3.67 6.17 3.5 5.67 3 7.33 5.5 8.67 1
5.5 9.5 6 10.83 7.33 11 7.67 11.83 10 12.67 8.67 12.5 7.5 8.83 5.67 11.33 4.5 8.83 1
5 8.17 6.33 8.33 5.67 9.67 4.67 7.5 5.17 8.17 3.5 4.67 4 6.5 3.5 6.83 4.83 8.83 1
8.17 10.83 7.67 10 6.83 9 8.67 9.5 5.33 9.33 5.33 8.17 6.33 9.5 5.33 9 3.83 7.67 1
5.67 7.83 4 8 5.17 8.17 7 9.5 4.17 7.33 3.33 4 3.83 8.17 3.83 5.5 3.5 7.17 0
1.83 2.5 1.83 2.17 2.17 2.17 1 1 0.83 1 0.67 0.83 0.67 0.67 0.67 0.83 0.67 0.67 0
7 11.83 7.33 11.33 7.83 12 7 10.83 6.17 9.17 4.83 8.17 5.17 10 6.83 8.83 7.17 8.67 1
8.33 9.83 4.17 7.83 8.33 9.5 9 11 9.33 10.67 10.5 12.67 9 12.67 9 9.17 8.83 10.83 1
4 6.17 4.17 7.33 4.17 6.83 3.83 10.17 5.17 7.33 3.33 3.83 6 8.17 4.17 7.5 4.5 5.33 1
5.5 8.33 5.83 9.33 5.17 9.17 5 10.17 5.33 9 4.5 8.83 5 6.5 5.33 9.17 5.33 8 1
4 7.17 3.5 6.83 3.83 7.67 3.67 4.33 3.5 5 2.5 3.33 4.33 7.83 4.33 7.5 3 6.17 0
1.67 2.17 1.33 1.5 1.33 1.5 0.67 1.5 0.67 0.83 0.5 1 0.5 0.67 0.5 0.67 0.67 1 0
0.83 1.33 0.67 0.67 1 1.17 0.67 1.17 0.5 0.67 0.5 0.67 0.5 0.67 0.67 0.67 0.5 0.67 1
7.33 10.5 7.83 10.83 7.5 10.5 5.5 9.67 5.5 8.83 3.83 7.83 3.67 7.33 7 7.5 5.67 8 1
6.5 8.33 4.83 9.17 8 9 5.83 8.67 5.33 7.67 5.83 7.67 3.5 4.83 4.83 7 7.33 7.83 1
3 7.33 3.67 7.17 6 7.83 5 8.17 5.33 8 4.5 8.67 4.5 7.33 4.5 7.83 4.17 6.83 1
1.67 5 3.33 4 3.17 6.5 1.83 2.5 1.67 2.17 1.67 1.67 1.67 2.17 1.67 2.17 1 1.83 1
0.67 0.83 0.83 1.17 0.83 1.17 0.5 0.83 0.33 0.5 0.33 0.5 0.33 0.67 0.17 0.5 0.33 0.83 0
0.83 1 0.83 0.83 0.83 1 0.33 1 0.67 0.83 0.33 0.5 0.67 0.67 0.67 0.83 0.17 0.67 0
0.67 0.67 0.83 1 0.67 0.83 0.67 1.17 0.67 1 0.67 0.83 0.5 0.83 0.5 0.83 0.33 0.5 1
0.5 1 0.5 0.67 0.67 0.83 0.67 1.17 0.5 0.5 0.33 0.5 0.67 0.67 0.33 0.83 0.5 0.5 1
4.67 8.5 5.5 6.83 5.83 9.33 3.67 9.83 4 9.67 4.17 6.33 3.83 5.33 5.83 6.5 2.83 6.67 1
5.17 7.83 6.5 9.67 6 8.33 4.33 9.33 4 7.33 4.17 8.67 5.67 7.17 4 8.5 5.83 7.83 1
5.17 6 4.67 8 5 5.33 4.83 7.67 3.67 6.5 4.17 11 9.5 13.83 4.83 7.5 5.5 6.67 1
5.17 5.33 4.83 5.83 4.83 5.33 3.5 5.17 4.33 4.83 3 3.17 3 3.83 3 3.33 3 3.83 0
1.5 2.17 1.5 2 1.5 1.83 1 1 1 1.5 0.83 1 0.67 0.67 0.67 5.5 0.5 0.67 0
0.5 1.33 0.67 1 0.5 0.83 0.5 0.67 0.67 0.83 0.5 0.67 0.5 0.83 0.67 0.67 0.33 0.67 1
6.83 10 6.83 9.17 8.67 10.17 8.33 9.67 8.17 11.17 5.83 7.83 3.83 5 3 8 3.83 7 1
5.33 7.5 5 7.67 7.33 9.17 4.67 7 4.5 8.83 4.17 6.67 4.17 7.5 3.5 6.83 2.83 5 1
5.83 8.67 4.17 5 4.83 7.83 3.67 8.67 4.17 8 3.17 5.67 3.67 5.17 6 8.17 4.17 6.17 1
5 9.33 4.83 6.33 7 9 5 10.33 4.67 8 4.67 5.5 5 8.5 4.67 8.33 3.67 6.5 1
6.17 9.33 6.83 10 9.17 11.17 4.5 8.5 4.33 8.83 4.5 6.67 4.5 8.67 5.33 6.17 3.33 4.5 0
2.17 2.17 2.83 3.67 2 3.5 0.83 1.33 1 1.33 0.83 1.17 0.83 1.17 0.83 1 0.83 1 0
1 1.5 1.17 1.17 1.33 1.67 0.83 1.17 0.83 1.17 1 1 0.67 1 0.67 0.83 0.67 1 1
6 9.17 6.17 6.5 4.67 6.17 4.33 8 4.17 8.33 4.17 8.33 5.5 7.33 4.67 6.5 5.83 5.83 1
4.67 5.17 4.67 7 4.5 4.83 6 9.83 5.67 9.17 8.17 10 5.33 6.83 3.17 8.83 3.17 6.5 1
4.83 9.83 6.83 10.17 8.17 9.83 4.33 9.33 4.33 7.5 4.67 6.5 4.33 8.33 4.83 9.17 3.67 5 1
5 9.17 4.17 8.67 4.17 5.17 4 7.17 3.83 7 3.17 7.17 3.17 6.83 4.67 6.5 3.33 3.5 1
8 9.5 8 10.67 6.67 11.67 6.33 9.17 3 7.83 3.33 7.5 4.83 7.5 4.17 7.67 4.67 7.33 0
1 1.67 0.83 1 1.33 1.67 0.83 1 0.67 0.83 0.5 1 0.5 0.67 0.33 0.67 0.5 0.5 0
0.5 0.67 0.5 1 0.5 0.83 0.33 0.83 0.5 0.67 0.33 0.5 0.33 0.67 0.33 0.67 0.5 0.83 1
6.17 11.17 7.17 9.33 7 9.5 5.33 7.17 5.83 10.17 5.83 9.33 5.5 6.33 6.17 7.5 3.67 6.5 1
5.67 6.33 6.17 6.5 6.33 6.5 6.17 11 6.33 10.67 6.17 10 5.67 7.83 5.83 10 4.83 10.33 1
6.83 8.83 7.5 10.33 6.83 10 9.67 11 10 11.5 8.83 9.67 7.83 11.33 5.67 9 7.33 9.83 1
6.67 10.33 7.17 8.83 7.17 9.83 6.5 9.33 5.5 9.83 4.17 7.5 3.33 6.33 3.17 7.67 6.5 8.17 0
1.17 1.83 1.5 2 1.33 1.83 1.33 2.17 1.17 2 1 1.5 1.33 2 1 1.33 1 1 0
0.83 1.5 0.5 0.83 0.67 0.67 0.67 1.67 0.5 0.67 0.5 0.67 0.5 0.5 0.33 0.67 0.5 1 1
6.67 8.83 6.33 10.67 7 11 6.33 10.5 7 9.33 5.17 6 8.17 9.5 2.83 6 4.33 6 1
6.83 9 5.33 6.5 5.67 9.5 6.33 10 5.5 6.33 6.83 8.33 5.33 6 5.83 8.5 3.67 6 1
4.5 8.67 4.33 4.67 4 6.33 5.83 8.33 5.17 8.33 5 6 3.83 7.33 4.33 5 3.5 4.17 1
4.5 7.5 4.5 7.67 5.17 10 7.17 9.5 8.17 9.67 5.67 8.5 6.33 8.17 4.17 6.83 5.33 8.17 1
5.83 9.33 5.83 10.33 6.5 6.83 5.5 10.83 3.5 5.83 2.83 4.83 4.83 5.33 3.17 7.33 2.5 7.83 0
1.5 2 1.83 2.33 1.5 2 1 1.5 0.83 1.67 0.83 1 0.67 0.83 0.67 0.83 0.5 0.67 0
0.83 1 0.67 1.17 1 1.67 0.67 0.67 0.67 0.83 0.5 0.67 0.5 0.67 0.67 0.83 0.83 1.17 1
4.17 7.5 4.67 7.67 5.33 8.33 6 8.5 5.83 6.5 5 8 6.17 7.83 7.5 7.83 3.67 4 1
5.33 7.17 6.83 9.5 6.5 8.83 6.83 7.83 5 9.17 6.5 8.17 5.5 7.33 6.83 9.33 6 8.17 1
4.67 5 5.67 9 7.67 9.67 8 8.83 5.5 9.83 4.5 8 6.17 8.5 4.83 8 5.67 8.17 1
3.33 7.17 5 7.83 3.67 8 4.67 7.17 6.83 9.5 4.33 4.67 3.67 8 2.67 3.67 2.67 4 1
5 8.67 4.67 8 5 5.17 5.83 8.33 4.33 5.5 3.83 7.67 5.17 5.5 3.5 7.83 5.5 8 0
1.17 1.5 1.33 1.83 2 2.67 0.83 1 0.67 1 0.83 1.17 0.67 0.83 0.5 1 0.33 0.67 0
0.83 1 0.5 0.83 0.67 1 0.5 0.67 0.5 0.83 0.5 1.17 0.5 0.67 0.5 0.67 0.33 0.5 1
4.33 7.17 5.33 7.5 4.67 8.83 5.5 9.17 5 6.83 4.17 8.5 5.33 7.33 4.17 8.17 3.67 6 1
5.5 6.33 5.33 9.33 5.83 9.17 5.5 7.17 5 9.67 4.5 9.33 4.5 5.83 4.67 5.17 5 7.5 1
9.5 14 10.5 14 9.5 12.17 3.67 10.17 4.83 10.17 5.83 9.5 4.5 9.5 6.17 7.5 4.17 6.83 1
5.67 8.5 5.83 9.17 5.17 7.33 5.83 8.5 5.5 7.17 4.33 8.33 4 8.17 5.33 7.5 6.5 8.17 1
3.67 6.33 5.33 7 4.5 6 3.83 5.67 6 8 5.17 7.17 4.83 6.17 5 6.5 4.17 8 0
1.33 1.83 1.83 3 1.83 2.83 1 1.33 1 1 0.83 1 0.67 0.83 0.5 1.33 0.5 0.67 0
1.17 1.5 1.17 1.5 1.33 1.83 0.83 1.33 0.67 0.83 0.67 0.83 1.33 1.5 1.33 1.5 1.33 1.67 1