0.318801089918 0.697547683924 0.0160799122914 0.0574978681934 0.0298685782557 0.0403823178017 0.0126099706745 0.0281524926686 0
0.425068119891 0.790190735695 0.00877086124985 0.119259349494 0.0439665471924 0.068339307049 0.0114369501466 0.0219941348974 0
0.425068119891 0.877384196185 0.000487270069436 0.0151053721525 0.0195937873357 0.031541218638 0.00263929618768 0.0243401759531 0
0.174386920981 0.523160762943 0.04750883177 0.0802777439396 0.0243727598566 0.0430107526882 0.0208211143695 0.10146627566 0
0.286103542234 0.659400544959 0.0408088683153 0.0449506639055 0.00836320191159 0.0270011947431 0.0049853372434 0.0618768328446 0
0.217983651226 0.643051771117 0.0182726276038 0.0507979047387 0.0267622461171 0.0303464755078 0.0372434017595 0.0401759530792 0
0.277929155313 0.697547683924 0.020708977951 0.048848824461 0.0248506571087 0.0346475507766 0.0149560117302 0.0217008797654 0
0.397820163488 0.847411444142 0.00365452552077 0.0151053721525 0.0231780167264 0.0291517323775 0.0155425219941 0.0313782991202 0
0.468664850136 0.847411444142 0.00401997807285 0.0297234742356 0.0406212664277 0.0606929510155 0.00879765395894 0.0656891495601 0
0.356948228883 0.74659400545 0.00621269338531 0.0733341454501 0.0425328554361 0.0649940262843 0.0134897360704 0.0536656891496 0
0.465940054496 0.855585831063 0.000609087586795 0.0198562553295 0.0133811230585 0.0272401433692 0.00293255131965 0.0155425219941 0
0.460490463215 0.820163487738 0.000852722621513 0.00609087586795 0.0195937873357 0.0215053763441 0.0155425219941 0.0258064516129 0
0.474114441417 0.822888283379 0.0020708977951 0.00694359848946 0.0217443249701 0.0415770609319 0.0325513196481 0.0398826979472 0
0.392370572207 0.75204359673 0.000243635034718 0.00328907296869 0.000477897252091 0.00286738351254 0.00293255131965 0.0105571847507 0
0.449591280654 0.828337874659 0.000852722621513 0.00377634303813 0.0114695340502 0.0195937873357 0.0117302052786 0.0255131964809 0
0.356948228883 0.689373297003 0.00621269338531 0.00986721890608 0.00358422939068 0.00573476702509 0.00615835777126 0.0152492668622 0
0.370572207084 0.673024523161 0.0421488610062 0.202460713851 0.0 0.0 0.000293255131965 0.0354838709677 0
0.384196185286 0.66485013624 0.023754415885 0.147886466074 0.0 0.0 0.0 0.0219941348974 0
0.430517711172 0.844686648501 0.000365452552077 0.00852722621513 0.0 0.0 0.0 0.00117302052786 0
0.574931880109 0.863760217984 0.000121817517359 0.00755268607626 0.0238948626045 0.0449223416965 0.0489736070381 0.0847507331378 0
0.348773841962 0.536784741144 1.21817517359e-05 0.000121817517359 0.0697729988053 0.126164874552 0.00381231671554 0.041935483871 0
0.435967302452 0.847411444142 0.0 0.000852722621513 0.0 0.0 0.0 0.000293255131965 0
0.326975476839 0.673024523161 0.0 0.000121817517359 0.00908004778973 0.0140979689367 0.00146627565982 0.0111436950147 0
0.446866485014 0.713896457766 0.0 0.0 4.77897252091e-05 0.00215053763441 0.000117302052786 0.00293255131965 0
0.378746594005 0.841961852861 0.0 1.21817517359e-05 9.55794504182e-05 0.000238948626045 0.000293255131965 0.000879765395894 0
0.455040871935 0.74931880109 0.0 0.0 0.000477897252091 0.00119474313023 0.00058651026393 0.00351906158358 0
0.547683923706 0.798365122616 0.000609087586795 0.0141308320136 0.0167264038232 0.0401433691756 0.0058651026393 0.0158357771261 0
0.373297002725 0.629427792916 0.0109635765623 0.0231453282982 0.0191158900836 0.0286738351254 0.0703812316716 0.140762463343 0
0.337874659401 0.825613079019 0.0 0.000365452552077 0.00812425328554 0.0119474313023 0.00674486803519 0.0199413489736 0
0.397820163488 0.809264305177 0.0 0.00133999269095 0.000716845878136 0.0026284348865 0.00146627565982 0.00263929618768 0
0.354223433243 0.771117166213 0.0 0.000609087586795 0.00191158900836 0.0026284348865 0.000879765395894 0.00146627565982 0
0.310626702997 0.523160762943 0.0 0.000974540138872 0.0451612903226 0.094623655914 0.00674486803519 0.0460410557185 0
0.452316076294 0.776566757493 0.0277743939579 0.102570349616 0.0 0.000238948626045 0.000879765395894 0.0225806451613 0
0.468664850136 0.814713896458 0.0141308320136 0.0559142404678 0.000238948626045 0.00143369175627 0.00058651026393 0.0155425219941 0
0.430517711172 0.776566757493 0.0199780728469 0.0896576927762 0.000238948626045 0.00143369175627 0.000293255131965 0.0117302052786 0
0.283378746594 0.449591280654 0.0 0.0 0.0430107526882 0.0645161290323 0.0058651026393 0.0410557184751 0
0.441416893733 0.776566757493 0.00511633572908 0.0588378608844 0.0 0.0 0.0 0.0114369501466 0
0.348773841962 0.659400544959 0.0253380436107 0.140333779998 0.0 0.000477897252091 0.00117302052786 0.0372434017595 0
0.384196185286 0.716621253406 0.0300889267877 0.0989158240955 0.0 0.0 0.0 0.0058651026393 0
0.441416893733 0.776566757493 0.00511633572908 0.0588378608844 0.0 0.0 0.0 0.0114369501466 0
0.348773841962 0.634877384196 0.0546960652942 0.133511999025 0.0 0.0 0.00175953079179 0.0571847507331 0
0.50408719346 0.83651226158 0.000609087586795 0.00341089048605 0.000477897252091 0.0281959378734 0.00205278592375 0.0263929618768 0
0.359673024523 0.553133514986 0.0168960896577 0.0235351443538 0.00193548387097 0.00348864994026 0.00398826979472 0.0151906158358 0
0.207084468665 0.490463215259 0.019466439274 0.0213789742965 0.000191158900836 0.00176821983274 0.000850439882698 0.0323753665689 0
0.362397820163 0.602179836512 0.00578633207455 0.0237787793885 0.00941457586619 0.017037037037 0.0113782991202 0.0648093841642 0
0.310626702997 0.713896457766 0.0471433792179 0.0532342550859 0.0241338112306 0.0353643966547 0.0255131964809 0.0759530791789 0
0.228882833787 0.618528610354 0.0263125837495 0.0299671092703 0.0442054958184 0.0518518518519 0.0589442815249 0.0736070381232 0
0.337874659401 0.58038147139 0.00255816786454 0.0249725910586 0.0456391875747 0.113978494624 0.0120234604106 0.0175953079179 0
0.288828337875 0.713896457766 0.0200998903642 0.028505299062 0.0193548387097 0.0344086021505 0.0255131964809 0.0451612903226 0
0.313351498638 0.555858310627 0.00170544524303 0.0138871969789 0.0504181600956 0.0991636798088 0.0102639296188 0.0240469208211 0
0.351498637602 0.760217983651 0.0074308685589 0.0555487879157 0.0334528076464 0.0994026284349 0.00381231671554 0.00615835777126 0
0.449591280654 0.700272479564 0.0103544889755 0.0740650505543 0.0145758661888 0.0762246117085 0.00146627565982 0.00527859237537 0
0.286103542234 0.702997275204 0.0204653429163 0.0338652698258 0.0329749103943 0.0594982078853 0.024633431085 0.0401759530792 0
0.283378746594 0.681198910082 0.020343525399 0.0342307223779 0.0324970131422 0.0379928315412 0.041642228739 0.0527859237537 0
0.313351498638 0.708446866485 0.0183944451212 0.0371543427945 0.0344086021505 0.0618876941458 0.0175953079179 0.0296187683284 0
0.324250681199 0.727520435967 0.0286271165794 0.0525033499817 0.0442054958184 0.0628434886499 0.0272727272727 0.0448680351906 0
0.446866485014 0.841961852861 0.0482397368742 0.106955780241 0.0152927120669 0.0549581839904 0.00263929618768 0.0266862170088 0
0.389645776567 0.765667574932 0.0143744670484 0.0425143135583 0.0281959378734 0.0798088410992 0.0140762463343 0.033137829912 0
0.41689373297 0.784741144414 0.0339870873432 0.0975758314046 0.0253285543608 0.0597371565114 0.0114369501466 0.0293255131965 0
0.395095367847 0.689373297003 0.0114508466317 0.0788159337313 0.0162485065711 0.119952210275 0.000879765395894 0.00381231671554 0
0.41416893733 0.809264305177 0.020708977951 0.0601778535753 0.0303464755078 0.0678614097969 0.00938416422287 0.0146627565982 0
0.256130790191 0.599455040872 0.0194908027774 0.0278962114752 0.0561529271207 0.0571087216249 0.0568914956012 0.0762463343109 0
0.41961852861 0.716621253406 0.0238762334024 0.119381167012 0.0133811230585 0.0499402628435 0.00263929618768 0.00821114369501 0
0.446866485014 0.795640326975 0.0176635400171 0.0962358387136 0.0121863799283 0.0681003584229 0.00058651026393 0.00234604105572 0
0.299727520436 0.711171662125 0.0243635034718 0.0296016567182 0.0324970131422 0.0382317801673 0.0390029325513 0.0604105571848 0
0.25340599455 0.659400544959 0.0169326349129 0.0242416859544 0.0341696535245 0.0399044205496 0.0460410557185 0.0489736070381 0
0.433242506812 0.814713896458 0.0 0.0 0.00836320191159 0.0143369175627 0.00293255131965 0.0108504398827 0
0.411444141689 0.801089918256 0.0 0.0 0.0117084826762 0.0183990442055 0.00293255131965 0.0134897360704 0
0.283378746594 0.449591280654 0.0 0.0 0.0430107526882 0.0645161290323 0.0058651026393 0.0410557184751 0
0.188010899183 0.722070844687 0.0 0.000487270069436 0.0542413381123 0.0666666666667 0.00967741935484 0.0495601173021 0
0.41961852861 0.825613079019 0.0 0.000609087586795 0.0604540023895 0.0673835125448 0.024926686217 0.0794721407625 0
0.313351498638 0.765667574932 0.0 0.000487270069436 0.0439665471924 0.0497013142174 0.0240469208211 0.0621700879765 0
0.555858310627 0.760217983651 0.0 0.0 0.0260454002389 0.0382317801673 0.00322580645161 0.0407624633431 0
0.209809264305 0.525885558583 0.0231453282982 0.0633451090267 0.00238948626045 0.00477897252091 0.0175953079179 0.049853372434 0
0.651226158038 0.444141689373 0.0481179193568 0.15726641491 0.00215053763441 0.00430107526882 0.00263929618768 0.0196480938416 0
0.773841961853 0.493188010899 0.0400779632111 0.106468510172 0.00692951015532 0.0217443249701 0.0187683284457 0.0472140762463 0
0.754768392371 0.449591280654 0.0196126202948 0.0962358387136 0.00310633213859 0.00955794504182 0.00938416422287 0.0530791788856 0
0.934604904632 0.449591280654 0.0 0.000730905104154 0.0767025089606 0.126403823178 0.0196480938416 0.0800586510264 0
0.773841961853 0.547683923706 0.0 0.0026799853819 0.0573476702509 0.113500597372 0.0140762463343 0.102052785924 0
0.700272479564 0.490463215259 0.0 0.0 0.0810035842294 0.158661887694 0.00439882697947 0.0595307917889 0
0.656675749319 0.267029972752 0.000243635034718 0.000852722621513 0.0336917562724 0.0468339307049 0.0258064516129 0.0563049853372 0
0.771117166213 0.302452316076 0.0 0.00292362041662 0.0391875746714 0.0523297491039 0.0322580645161 0.0785923753666 0
0.675749318801 0.114441416894 0.000609087586795 0.000852722621513 0.0439665471924 0.0692951015532 0.025219941349 0.0938416422287 0
0.686648501362 0.384196185286 0.00316725545133 0.00401997807285 0.0432497013142 0.0485065710872 0.0410557184751 0.0756598240469 0
0.716621253406 0.269754768392 0.0 0.00243635034718 0.0 0.0167264038232 0.00175953079179 0.0642228739003 0
0.713896457766 0.196185286104 0.000487270069436 0.00109635765623 0.0172043010753 0.0504181600956 0.0114369501466 0.0398826979472 0
0.50408719346 0.967302452316 0.0 0.0 0.0599761051374 0.0884109916368 0.0114369501466 0.0985337243402 0
0.422343324251 0.926430517711 0.0 0.0 0.0456391875747 0.0649940262843 0.00938416422287 0.0645161290323 0
0.512261580381 0.923705722071 0.0 0.000121817517359 0.0341696535245 0.042054958184 0.0102639296188 0.0460410557185 0
0.490463215259 0.948228882834 0.0 0.000243635034718 0.0432497013142 0.0654719235364 0.0126099706745 0.0612903225806 0
0.531335149864 0.970027247956 0.0 0.0 0.0394265232975 0.068578255675 0.0390029325513 0.0480938416422 0
0.564032697548 1.0 0.0 0.0 0.0250896057348 0.0721624850657 0.00117302052786 0.0533724340176 0
0.149863760218 0.487738419619 0.025094408576 0.0422706785236 0.0026284348865 0.00358422939068 0.00909090909091 0.0293255131965 0
0.0708446866485 0.411444141689 0.0306980143745 0.0501888171519 0.00167264038232 0.00358422939068 0.00762463343109 0.0296187683284 0
0.476839237057 0.792915531335 0.0105981240102 0.0153490071872 0.00860215053763 0.015770609319 0.0222873900293 0.0360703812317 0
0.923705722071 0.539509536785 0.00292362041662 0.014252649531 0.0339307048984 0.0487455197133 0.0120234604106 0.0460410557185 0
0.757493188011 0.539509536785 0.0 0.000487270069436 0.0203106332139 0.0427718040621 0.000293255131965 0.0401759530792 0
0.392370572207 0.768392370572 0.0 0.0 0.0 0.01027479092 0.0 0.00058651026393 0
0.514986376022 0.910081743869 0.0 0.0026799853819 0.0 0.00310633213859 0.000879765395894 0.0193548387097 0
0.490463215259 0.874659400545 0.000609087586795 0.00170544524303 0.0 0.000955794504182 0.00058651026393 0.0184750733138 0
0.490463215259 0.874659400545 0.000609087586795 0.00170544524303 0.0 0.000955794504182 0.00058651026393 0.0184750733138 0
0.378746594005 0.457765667575 0.00584724083323 0.0296016567182 0.000238948626045 0.00358422939068 0.00615835777126 0.0378299120235 0
0.485013623978 0.817438692098 0.0132781093921 0.0194908027774 0.00238948626045 0.0382317801673 0.00850439882698 0.0574780058651 0
0.544959128065 0.896457765668 0.00219271531246 0.00791813862833 0.00931899641577 0.0415770609319 0.00146627565982 0.0454545454545 0
0.245231607629 0.50408719346 0.0146181020831 0.0486051894262 0.00119474313023 0.00286738351254 0.00469208211144 0.0929618768328 0
0.245231607629 0.50408719346 0.0146181020831 0.0486051894262 0.00119474313023 0.00286738351254 0.00469208211144 0.0929618768328 0
0.727520435967 0.566757493188 0.0 0.000487270069436 0.0203106332139 0.0427718040621 0.000293255131965 0.0401759530792 0
0.871934604905 0.441416893733 0.000365452552077 0.0020708977951 0.00215053763441 0.00931899641577 0.00175953079179 0.0340175953079 0
0.678474114441 0.354223433243 0.000243635034718 0.0107199415276 0.00454002389486 0.0100358422939 0.00058651026393 0.0284457478006 0
0.776566757493 0.367847411444 0.0 0.0 0.0 0.01027479092 0.0 0.00058651026393 0
0.547683923706 0.356948228883 0.00584724083323 0.0296016567182 0.000238948626045 0.00358422939068 0.00615835777126 0.0378299120235 0
0.803814713896 0.449591280654 0.0132781093921 0.0194908027774 0.00238948626045 0.0382317801673 0.00850439882698 0.0574780058651 0
0.817438692098 0.49591280654 0.00194908027774 0.0132781093921 0.031541218638 0.0394265232975 0.0 0.0480938416422 0
0.91280653951 0.460490463215 0.00803995614569 0.0132781093921 0.00167264038232 0.0136200716846 0.00557184750733 0.0445747800587 0
0.50408719346 0.245231607629 0.0146181020831 0.0486051894262 0.00119474313023 0.00286738351254 0.00469208211144 0.0929618768328 0
0.547683923706 0.356948228883 0.00584724083323 0.0296016567182 0.000238948626045 0.00358422939068 0.00615835777126 0.0378299120235 0
0.91280653951 0.523160762943 0.00182726276038 0.0102326714582 0.0270011947431 0.0334528076464 0.017008797654 0.041935483871 0
0.599455040872 0.373297002725 0.00925813131928 0.0305761968571 0.000955794504182 0.0112305854241 0.0178885630499 0.0231671554252 0
0.91280653951 0.550408719346 0.00426361310756 0.014252649531 0.0129032258065 0.0222222222222 0.00205278592375 0.0565982404692 0
0.732970027248 0.506811989101 0.000365452552077 0.00280180289926 0.0403823178017 0.0635603345281 0.00205278592375 0.0706744868035 0
0.863760217984 0.485013623978 0.00304543793397 0.0163235473261 0.0234169653524 0.026284348865 0.0049853372434 0.0504398826979 0
0.732970027248 0.506811989101 0.000365452552077 0.00280180289926 0.0403823178017 0.0635603345281 0.00205278592375 0.0706744868035 0
0.822888283379 0.376021798365 0.000974540138872 0.00755268607626 0.000955794504182 0.00215053763441 0.00117302052786 0.0272727272727 0
0.465940054496 0.738419618529 0.0339870873432 0.140090144963 0.0205495818399 0.0480286738351 0.0475073313783 0.075366568915 0
0.239782016349 0.711171662125 0.0074308685589 0.019003532708 0.00955794504182 0.0143369175627 0.0369501466276 0.0741935483871 0
0.485013623978 0.74659400545 0.0169326349129 0.0740650505543 0.00286738351254 0.00931899641577 0.0102639296188 0.017008797654 0
0.474114441417 0.604904632153 0.004750883177 0.0808868315264 0.00860215053763 0.0152927120669 0.0 0.0243401759531 0
0.509536784741 0.795640326975 0.0149835546352 0.0746741381411 0.0164874551971 0.0227001194743 0.0287390029326 0.0571847507331 0
0.479564032698 0.828337874659 0.0101108539408 0.063101473992 0.00382317801673 0.00645161290323 0.00410557184751 0.00909090909091 0
0.514986376022 0.850136239782 0.0 0.0 0.0289127837515 0.0408602150538 0.0105571847507 0.0472140762463 0
0.907356948229 0.514986376022 0.0 0.0 0.0363201911589 0.04229390681 0.00351906158358 0.103519061584 0
0.790190735695 0.438692098093 0.0 0.000730905104154 0.0078853046595 0.0274790919952 0.000879765395894 0.00850439882698 0
0.776566757493 0.539509536785 0.00133999269095 0.0197344378122 0.010752688172 0.0418160095579 0.0290322580645 0.0372434017595 0
0.891008174387 0.512261580381 0.0 0.00499451821172 0.00716845878136 0.0193548387097 0.0222873900293 0.0451612903226 0
0.893732970027 0.506811989101 0.0 0.00767450359362 0.00310633213859 0.0611708482676 0.00205278592375 0.0290322580645 0
0.910081743869 0.514986376022 0.0 0.000365452552077 0.0138590203106 0.0293906810036 0.0181818181818 0.0885630498534 0
0.784741144414 0.356948228883 0.0 0.00121817517359 0.00310633213859 0.0150537634409 0.00469208211144 0.0129032258065 0
0.806539509537 0.509536784741 0.0 0.000121817517359 0.00931899641577 0.100358422939 0.0 0.0727272727273 0
0.784741144414 0.525885558583 0.0 0.0 0.0270011947431 0.0853046594982 0.00205278592375 0.0656891495601 0
0.874659400545 0.506811989101 0.0 0.000730905104154 0.0305854241338 0.0853046594982 0.00821114369501 0.102639296188 0
0.648501362398 0.220708446866 0.00255816786454 0.004750883177 0.0207885304659 0.0324970131422 0.0357771260997 0.0565982404692 0
0.74659400545 0.226158038147 0.0 0.000974540138872 0.0415770609319 0.0559139784946 0.0272727272727 0.110557184751 0
0.228882833787 0.599455040872 0.0283834815446 0.058716043367 0.00860215053763 0.0291517323775 0.0240469208211 0.0445747800587 0
0.32970027248 -0.0326975476839 0.00523815324644 0.0433670361798 0.0 0.00430107526882 0.00058651026393 0.00410557184751 0
0.378746594005 0.256130790191 0.000365452552077 0.00109635765623 0.000716845878136 0.000716845878136 0.0 0.0158357771261 0
0.599455040872 0.302452316076 0.000730905104154 0.0101108539408 0.0 0.00167264038232 0.0 0.0049853372434 0
0.430517711172 0.182561307902 0.000487270069436 0.000852722621513 0.005256869773 0.0164874551971 0.00234604105572 0.0319648093842 0
0.362397820163 0.223433242507 0.000121817517359 0.00194908027774 0.0 0.0 0.0 0.000879765395894 0
0.41961852861 0.564032697548 0.0602996710927 0.122548422463 0.0898446833931 0.208841099164 0.136950146628 0.32991202346 1
0.397820163488 0.623978201635 0.0257034961627 0.0602996710927 0.0891278375149 0.118996415771 0.101173020528 0.242228739003 1
0.370572207084 0.604904632153 0.179071750518 0.192471677427 0.0908004778973 0.169653524492 0.0938416422287 0.442815249267 1
0.33514986376 0.528610354223 0.277743939579 0.38007065416 0.0191158900836 0.0597371565114 0.120234604106 0.686217008798 1
0.397820163488 0.621253405995 0.0816177366305 0.132781093921 0.0 0.0621266427718 0.00293255131965 0.348973607038 1
0.217983651226 0.550408719346 0.0669996345474 0.110853940797 0.21027479092 0.308243727599 0.428152492669 0.557184750733 1
0.41689373297 0.588555858311 0.121817517359 0.154708247046 0.00238948626045 0.0836320191159 0.0058651026393 0.33724340176 1
0.367847411444 0.618528610354 0.0462906565964 0.0523815324644 0.0931899641577 0.186379928315 0.193548387097 0.304985337243 1
0.356948228883 0.621253405995 0.185162626386 0.20708977951 0.00955794504182 0.0860215053763 0.0821114369501 0.513196480938 1
0.340599455041 0.645776566757 0.0280180289926 0.0450724814228 0.253285543608 0.379928315412 0.260997067449 0.442815249267 1
0.41689373297 0.681198910082 0.0182726276038 0.0499451821172 0.00477897252091 0.0430107526882 0.00879765395894 0.202346041056 1
0.384196185286 0.621253405995 0.0694359848946 0.0730905104154 0.00716845878136 0.0286738351254 0.0058651026393 0.149560117302 1
0.386920980926 0.692098092643 0.0767450359362 0.141308320136 0.0238948626045 0.0669056152927 0.0762463343109 0.451612903226 1
0.228882833787 0.482288828338 0.216226093312 0.323547326105 0.0181600955795 0.0783751493429 0.0510263929619 0.795307917889 1
0.351498637602 0.596730245232 0.195638932879 0.249604093069 0.0100358422939 0.0501792114695 0.0217008797654 0.512903225806 1
0.348773841962 0.602179836512 0.179924473139 0.301011085394 0.00310633213859 0.0253285543608 0.0149560117302 0.581231671554 1
0.310626702997 0.610354223433 0.300889267877 0.378121573882 0.0100358422939 0.0511350059737 0.0656891495601 0.774780058651 1
0.359673024523 0.604904632153 0.214033378 0.271774881228 0.00979689366786 0.0661887694146 0.0143695014663 0.59853372434 1
0.171662125341 0.405994550409 0.253502253624 0.344256304057 0.0129032258065 0.0962962962963 0.0351906158358 0.651026392962 1
0.376021798365 0.58038147139 0.12133024729 0.222073334145 0.137634408602 0.163918757467 0.135483870968 0.287390029326 1
0.389645776567 0.591280653951 0.0464124741138 0.15775368498 0.0700119474313 0.106093189964 0.132258064516 0.494134897361 1
0.359673024523 0.618528610354 0.0694359848946 0.128152028262 0.0664277180406 0.113739545998 0.0806451612903 0.266862170088 1
0.359673024523 0.643051771117 0.0261907662322 0.048848824461 0.113022700119 0.200955794504 0.139882697947 0.175366568915 1
0.299727520436 0.613079019074 0.069557802412 0.0987940065781 0.334289127838 0.553882915173 0.362463343109 0.402639296188 1
0.397820163488 0.558583106267 0.0953831160921 0.126568400536 0.129510155317 0.187574671446 0.158944281525 0.364809384164 1
0.261580381471 0.618528610354 0.109879400658 0.156170057254 0.0289127837515 0.0434886499403 0.091495601173 0.41495601173 1
0.24795640327 0.547683923706 0.355707150688 0.384943354854 0.00477897252091 0.0238948626045 0.0263929618768 0.445747800587 1
0.217983651226 0.485013623978 0.100255816786 0.193324400049 0.0112305854241 0.0236559139785 0.0290322580645 0.42082111437 1
0.389645776567 0.621253405995 0.0511633572908 0.119381167012 0.0430107526882 0.112305854241 0.058651026393 0.293255131965 1
0.367847411444 0.58038147139 0.0645632842003 0.148617371178 0.164874551971 0.246117084827 0.0791788856305 0.293255131965 1
0.408719346049 0.607629427793 0.296016567182 0.341454501157 0.0078853046595 0.0313022700119 0.00351906158358 0.066275659824 1
0.41416893733 0.637602179837 0.0694359848946 0.167499086369 0.109199522103 0.325925925926 0.111143695015 0.258064516129 1
0.367847411444 0.615803814714 0.14069923255 0.233524180777 0.143369175627 0.255197132616 0.0944281524927 0.324340175953 1
0.160762942779 0.430517711172 0.30490924595 0.325130953831 0.0100358422939 0.031780167264 0.016715542522 0.172727272727 1
0.381471389646 0.692098092643 0.0275307589231 0.23340236326 0.0183990442055 0.0575866188769 0.00527859237537 0.00733137829912 1
0.302452316076 0.613079019074 0.232427823121 0.381410646851 0.00812425328554 0.0207885304659 0.0475073313783 0.305865102639 1
0.348773841962 0.602179836512 0.226580582288 0.262516749909 0.00692951015532 0.0611708482676 0.000293255131965 0.0601173020528 1
0.405994550409 0.610354223433 0.145937385796 0.262516749909 0.0162485065711 0.068578255675 0.0108504398827 0.025219941349 1
0.41416893733 0.574931880109 0.0378852478986 0.233645998295 0.0100358422939 0.0442054958184 0.000293255131965 0.0102639296188 1
0.294277929155 0.675749318801 0.168960896577 0.208429772201 0.0759856630824 0.113500597372 0.0733137829912 0.210850439883 1
0.351498637602 0.634877384196 0.228529662565 0.399683274455 0.0126642771804 0.0807646356033 0.00439882697947 0.0451612903226 1
0.376021798365 0.564032697548 0.363381654282 0.51151175539 0.0382317801673 0.0583034647551 0.0425219941349 0.141348973607 1
0.310626702997 0.634877384196 0.209038859788 0.234620538433 0.0150537634409 0.213142174432 0.0208211143695 0.500586510264 1
0.305177111717 0.618528610354 0.353027165306 0.414545011573 0.0461170848268 0.184946236559 0.104105571848 0.870967741935 1
0.302452316076 0.653950953678 0.117675721769 0.167255451334 0.00167264038232 0.111350059737 0.0108504398827 0.326099706745 1
0.299727520436 0.651226158038 0.20526251675 0.286271165794 0.0241338112306 0.249940262843 0.0384164222874 0.660117302053 1
0.283378746594 0.645776566757 0.296016567182 0.38652698258 0.0399044205496 0.19761051374 0.0612903225806 0.919941348974 1
0.354223433243 0.58038147139 0.189548057011 0.297234742356 0.0951015531661 0.180884109916 0.0495601173021 0.197947214076 1
0.356948228883 0.566757493188 0.0136435619442 0.0182726276038 0.134050179211 0.230585424134 0.0841642228739 0.163929618768 1
0.446866485014 0.591280653951 0.111706663418 0.157510049945 0.109199522103 0.122580645161 0.127272727273 0.257771260997 1
0.373297002725 0.490463215259 0.079059568766 0.433670361798 0.0219832735962 0.0879330943847 0.21642228739 0.577419354839 1
0.307901907357 0.536784741144 0.159337312706 0.327080034109 0.00215053763441 0.00812425328554 0.0510263929619 0.299413489736 1
0.337874659401 0.594005449591 0.136801071994 0.306492873675 0.000955794504182 0.00310633213859 0.0237536656891 0.228739002933 1
0.321525885559 0.550408719346 0.156291874772 0.264100377634 0.00860215053763 0.0131421744325 0.0771260997067 0.360117302053 1
0.324250681199 0.569482288828 0.153246436838 0.294554756974 0.00119474313023 0.00860215053763 0.0422287390029 0.276246334311 1
0.25068119891 0.520435967302 0.104397612377 0.122182969911 0.00645161290323 0.0320191158901 0.0967741935484 0.284750733138 1
0.103542234332 0.41416893733 0.176879035205 0.19186258984 0.010513739546 0.0219832735962 0.153958944282 0.436656891496 1
0.155313351499 0.479564032698 0.170300889268 0.209647947375 0.00382317801673 0.0215053763441 0.0821114369501 0.560117302053 1
0.128065395095 0.405994550409 0.132050188817 0.189304421976 0.0078853046595 0.0597371565114 0.171847507331 0.397947214076 1
0.0408719346049 0.324250681199 0.203191618955 0.215251553173 0.0121863799283 0.0377538829152 0.192961876833 0.544281524927 1
0.25068119891 0.493188010899 0.144719210622 0.234011450847 0.00716845878136 0.0224611708483 0.0551319648094 0.531964809384 1
0.0463215258856 0.286103542234 0.182239005969 0.285662078207 0.0126642771804 0.0891278375149 0.0785923753666 0.759237536657 1
0.147138964578 0.32970027248 0.324887318796 0.501766354002 0.0217443249701 0.0702508960573 0.348680351906 0.522287390029 1
0.245231607629 0.479564032698 0.131806553782 0.191375319771 0.04229390681 0.0654719235364 0.308504398827 0.487683284457 1
0.343324250681 0.574931880109 0.166889998782 0.293458399318 0.0 0.0 0.00615835777126 0.333137829912 1
0.190735694823 0.719346049046 0.260445852114 0.33438908515 0.000955794504182 0.00215053763441 0.107917888563 0.54780058651 1
0.269754768392 0.449591280654 0.0903885978804 0.191375319771 0.0444444444444 0.102270011947 0.366275659824 0.584457478006 1
0.305177111717 0.550408719346 0.179924473139 0.346936289438 0.0 0.000477897252091 0.0134897360704 0.263343108504 1
0.316076294278 0.569482288828 0.165550006091 0.296869289804 0.0 0.00382317801673 0.0278592375367 0.241055718475 1
0.370572207084 0.566757493188 0.0763795833841 0.422463150201 0.0 0.00167264038232 0.0 0.00381231671554 1
0.365122615804 0.602179836512 0.0132781093921 0.0265562187843 0.0669056152927 0.52807646356 0.0812316715543 0.198826979472 1
0.305177111717 0.490463215259 0.109513948106 0.2610549397 0.0360812425329 0.158422939068 0.37917888563 0.511436950147 1
0.340599455041 0.534059945504 0.311609209404 0.732123279328 0.0 0.00406212664277 0.0 0.307624633431 1
0.275204359673 0.50136239782 0.260202217079 0.364112559386 0.000955794504182 0.00549581839904 0.0375366568915 0.401759530792 1
0.302452316076 0.534059945504 0.246436837617 0.389085150445 0.00238948626045 0.00501792114695 0.0697947214076 0.392961876833 1
0.283378746594 0.465940054496 0.296503837252 0.576805944695 0.00286738351254 0.0164874551971 0.0357771260997 0.521114369501 1
0.264305177112 0.485013623978 0.313436472165 0.413205018882 0.0164874551971 0.0439665471924 0.134017595308 0.604398826979 1
0.33514986376 0.574931880109 0.167133633817 0.371665245462 0.0 0.000477897252091 0.000879765395894 0.144281524927 1
0.201634877384 0.433242506812 0.283956632964 0.413570471434 0.00406212664277 0.00860215053763 0.0255131964809 0.410850439883 1
0.237057220708 0.441416893733 0.252649531003 0.492508222682 0.00477897252091 0.0109916367981 0.0653958944282 0.456598240469 1
0.272479564033 0.465940054496 0.242660494579 0.36301620173 0.0229390681004 0.107287933094 0.331085043988 0.510263929619 1
0.299727520436 0.539509536785 0.207211597028 0.38884151541 0.000238948626045 0.00477897252091 0.0134897360704 0.268035190616 1
0.359673024523 0.599455040872 0.0182726276038 0.0913631380192 0.15770609319 0.191158900836 0.211143695015 0.284457478006 1
0.348773841962 0.550408719346 0.208064319649 0.411134121087 0.0446833930705 0.0456391875747 0.0258064516129 0.160117302053 1
0.370572207084 0.574931880109 0.338896333293 0.489340967231 0.00167264038232 0.00692951015532 0.00674486803519 0.346041055718 1
0.33242506812 0.602179836512 0.160920940431 0.353514435376 0.00119474313023 0.00167264038232 0.00615835777126 0.158651026393 1
0.313351498638 0.564032697548 0.185528078938 0.376172493605 0.00334528076464 0.00979689366786 0.0375366568915 0.319941348974 1
0.376021798365 0.58310626703 0.282129370203 0.368254354976 0.101314217443 0.11541218638 0.0721407624633 0.323460410557 1
0.258855585831 0.50136239782 0.246680472652 0.277987574613 0.0387096774194 0.0494623655914 0.0445747800587 0.285337243402 1
0.348773841962 0.569482288828 0.165428188574 0.18540626142 0.0731182795699 0.132855436081 0.106744868035 0.222287390029 1
0.33514986376 0.542234332425 0.103544889755 0.208429772201 0.0358422939068 0.0468339307049 0.130205278592 0.239589442815 1
0.313351498638 0.558583106267 0.223900596906 0.277256669509 0.0193548387097 0.052807646356 0.01642228739 0.243108504399 1
0.359673024523 0.566757493188 0.151662809112 0.19003532708 0.0188769414576 0.0358422939068 0.00645161290323 0.121994134897 1
0.365122615804 0.610354223433 0.267389450603 0.294067486905 0.0692951015532 0.149103942652 0.0542521994135 0.258651026393 1
0.367847411444 0.566757493188 0.168108173955 0.195395297844 0.0418160095579 0.0566308243728 0.0266862170088 0.171554252199 1
0.318801089918 0.577656675749 0.150079181386 0.164088195883 0.0783751493429 0.152688172043 0.0985337243402 0.209970674487 1
0.324250681199 0.520435967302 0.200024363503 0.320014618102 0.00286738351254 0.0129032258065 0.033137829912 0.393255131965 1
0.32970027248 0.493188010899 0.136922889512 0.380314289195 0.0341696535245 0.100358422939 0.226099706745 0.600586510264 1
0.302452316076 0.574931880109 0.143501035449 0.176269947618 0.0121863799283 0.026284348865 0.107624633431 0.380938416422 1
0.340599455041 0.49591280654 0.0398343281764 0.30673650871 0.0186379928315 0.0551971326165 0.156598240469 0.44780058651 1
0.196185286104 0.455040871935 0.068217809721 0.110853940797 0.129032258065 0.205495818399 0.348973607038 0.510263929619 1
0.193460490463 0.547683923706 0.0464124741138 0.0818613716652 0.0676224611708 0.140501792115 0.224340175953 0.372434017595 1
0.217983651226 0.49591280654 0.143501035449 0.216104275795 0.0786140979689 0.0900836320191 0.274780058651 0.52082111437 1
0.367847411444 0.594005449591 0.0293580216835 0.052259714947 0.131182795699 0.281481481481 0.404985337243 0.745454545455 1
0.209809264305 0.479564032698 0.12631258375 0.169228895115 0.0283870967742 0.0504659498208 0.0670674486804 0.460850439883 1
0.367847411444 0.607629427793 0.0338652698258 0.105128517481 0.140740740741 0.205495818399 0.214662756598 0.393255131965 1
0.395095367847 0.623978201635 0.196126202948 0.304056523328 0.00358422939068 0.021266427718 0.0131964809384 0.255131964809 1
0.346049046322 0.591280653951 0.14069923255 0.277500304544 0.0320191158901 0.0594982078853 0.0296187683284 0.140469208211 1
0.373297002725 0.588555858311 0.125959312949 0.300767450359 0.042054958184 0.0874551971326 0.0475073313783 0.106158357771 1
0.403269754768 0.591280653951 0.302472895602 0.518698988915 0.00286738351254 0.0138590203106 0.0451612903226 0.410850439883 1
0.395095367847 0.640326975477 0.256669509075 0.422706785236 0.00143369175627 0.00931899641577 0.0263929618768 0.462463343109 1
0.395095367847 0.662125340599 0.251918625898 0.358508953588 0.000477897252091 0.00358422939068 0.00850439882698 0.208797653959 1
0.389645776567 0.681198910082 0.237178706298 0.329272749421 0.000716845878136 0.00358422939068 0.0240469208211 0.255425219941 1
0.297002724796 0.577656675749 0.129735655987 0.304300158363 0.015770609319 0.0353643966547 0.0134897360704 0.169501466276 1
0.397820163488 0.599455040872 0.226093312218 0.35655987331 0.0129032258065 0.0807646356033 0.0114369501466 0.143988269795 1
0.386920980926 0.58038147139 0.157510049945 0.355463515654 0.0322580645161 0.0482676224612 0.0304985337243 0.178885630499 1
0.384196185286 0.626702997275 0.333779997564 0.420270434889 0.0597371565114 0.131421744325 0.137829912023 0.524926686217 1
0.386920980926 0.542234332425 0.102326714582 0.46863198928 0.0817204301075 0.198566308244 0.0850439882698 0.513196480938 1
0.32970027248 0.607629427793 0.271653063711 0.341089048605 0.0454002389486 0.10513739546 0.0967741935484 0.483870967742 1
0.384196185286 0.594005449591 0.266780363016 0.398343281764 0.0358422939068 0.241338112306 0.049853372434 0.307917888563 1
0.370572207084 0.588555858311 0.167377268851 0.247776830308 0.0456391875747 0.2 0.331085043988 0.661583577713 1
0.354223433243 0.514986376022 0.08856133512 0.149957363869 0.167502986858 0.30752688172 0.11495601173 0.184457478006 1
0.395095367847 0.58038147139 0.2463150201 0.314045559751 0.0776583034648 0.151493428913 0.0571847507331 0.140469208211 1
0.373297002725 0.602179836512 0.119137531977 0.234133268364 0.0286738351254 0.0516129032258 0.0422287390029 0.117302052786 1
0.430517711172 0.574931880109 0.322816421001 0.592154951882 0.0188769414576 0.180167264038 0.0325513196481 0.484457478006 1
0.422343324251 0.569482288828 0.450724814228 0.498233645998 0.0191158900836 0.0645161290323 0.1642228739 0.674486803519 1
0.441416893733 0.58310626703 0.384943354854 0.454379339749 0.0167264038232 0.0597371565114 0.184750733138 1.0 1
0.435967302452 0.594005449591 0.408088683153 0.425143135583 0.0191158900836 0.0955794504182 0.16715542522 0.563049853372 1
0.400544959128 0.613079019074 0.209526129857 0.238640516506 0.0274790919952 0.191875746714 0.17008797654 0.327272727273 1
0.403269754768 0.618528610354 0.183944451212 0.288220246071 0.00167264038232 0.0241338112306 0.0821114369501 0.515835777126 1
0.594005449591 0.430517711172 0.285783895724 0.38701425265 0.015770609319 0.0845878136201 0.114076246334 0.314662756598 1
0.485013623978 0.256130790191 0.0989158240955 0.166646363747 0.0112305854241 0.0401433691756 0.0307917888563 0.330791788856 1
0.613079019074 0.430517711172 0.163479108296 0.348154464612 0.00358422939068 0.0078853046595 0.00205278592375 0.01642228739 1
0.602179836512 0.41689373297 0.247289560239 0.452552076989 0.0112305854241 0.0594982078853 0.0724340175953 0.202346041056 1
0.692098092643 0.441416893733 0.0654160068218 0.157388232428 0.0298685782557 0.347909199522 0.0448680351906 0.125806451613 1
0.569482288828 0.321525885559 0.0337434523084 0.0928249482276 0.015770609319 0.0900836320191 0.0527859237537 0.194134897361 1
0.574931880109 0.438692098093 0.166402728712 0.24168595444 0.026284348865 0.0530465949821 0.0521994134897 0.159824046921 1
0.566757493188 0.343324250681 0.130710196126 0.219515166281 0.0136200716846 0.0305854241338 0.0472140762463 0.104398826979 1
0.553133514986 0.346049046322 0.164819100987 0.338165428189 0.00860215053763 0.0174432497013 0.00733137829912 0.0304985337243 1
0.506811989101 0.337874659401 0.290291143866 0.458886587891 0.0191158900836 0.0360812425329 0.0469208211144 0.212316715543 1
0.607629427793 0.411444141689 0.248264100378 0.371177975393 0.0148148148148 0.0609318996416 0.0785923753666 0.170674486804 1
0.588555858311 0.403269754768 0.266414910464 0.495797295651 0.0200716845878 0.047311827957 0.0519061583578 0.105865102639 1
0.553133514986 0.381471389646 0.04750883177 0.102448532099 0.031541218638 0.132138590203 0.0800586510264 0.18211143695 1
0.599455040872 0.441416893733 0.344256304057 0.414423194055 0.0148148148148 0.057825567503 0.0985337243402 0.36862170088 1
0.708446866485 0.427792915531 0.0501888171519 0.105493970033 0.0224611708483 0.135244922342 0.0457478005865 0.224926686217 1
0.550408719346 0.408719346049 0.253258618589 0.36252893166 0.0559139784946 0.190681003584 0.0609970674487 0.539002932551 1
0.547683923706 0.41416893733 0.622609331222 1.0 0.00215053763441 0.0313022700119 0.000293255131965 0.058064516129 1
0.482288828338 0.261580381471 0.0816177366305 0.0952612985747 0.0109916367981 0.0329749103943 0.0351906158358 0.422287390029 1
0.58038147139 0.384196185286 0.243269582166 0.412108661225 0.0298685782557 0.0480286738351 0.0410557184751 0.0568914956012 1
0.591280653951 0.356948228883 0.180289925691 0.294554756974 0.00979689366786 0.0181600955795 0.0231671554252 0.058357771261 1
0.708446866485 0.438692098093 0.067852357169 0.144231940553 0.037037037037 0.699402628435 0.075366568915 0.190322580645 1
0.708446866485 0.438692098093 0.067852357169 0.144231940553 0.037037037037 0.699402628435 0.075366568915 0.190322580645 1
0.561307901907 0.378746594005 0.25508588135 0.449628456572 0.0100358422939 0.0501792114695 0.0454545454545 0.0671554252199 1
0.618528610354 0.433242506812 0.292118406627 0.380314289195 0.0191158900836 0.052807646356 0.0912023460411 0.290322580645 1
0.566757493188 0.425068119891 0.279327567304 0.538798879279 0.00382317801673 0.00477897252091 0.00234604105572 0.0193548387097 1
0.514986376022 0.365122615804 0.172737239615 0.411621391156 0.0520908004779 0.160812425329 0.105278592375 0.622873900293 1
0.542234332425 0.389645776567 0.290656596419 0.592154951882 0.00573476702509 0.215531660693 0.0175953079179 0.382404692082 1
0.58038147139 0.441416893733 0.148861006213 0.199171640882 0.0152927120669 0.0456391875747 0.0281524926686 0.194134897361 1
0.356948228883 0.544959128065 0.234985990986 0.39712510659 0.0406212664277 0.0833930704898 0.198826979472 0.68064516129 1
0.381471389646 0.588555858311 0.215982458278 0.275916676818 0.0310633213859 0.0384707287933 0.0988269794721 0.437536656891 1
0.386920980926 0.558583106267 0.394201486174 0.569496893653 0.00430107526882 0.0389486260454 0.0733137829912 0.718475073314 1
0.386920980926 0.58038147139 0.266780363016 0.418321354611 0.00573476702509 0.0413381123059 0.0935483870968 0.493548387097 1
0.400544959128 0.58038147139 0.331709099769 0.407601413083 0.00597371565114 0.0310633213859 0.0988269794721 0.72082111437 1
0.430517711172 0.662125340599 0.101108539408 0.165671823608 0.00716845878136 0.0143369175627 0.00293255131965 0.404692082111 1
0.626702997275 0.395095367847 0.0114508466317 0.0484833719089 0.132377538829 0.50394265233 0.20146627566 0.444574780059 1
0.637602179837 0.41689373297 0.0291143866488 0.0590814959191 0.306810035842 1.0 0.115249266862 0.260997067449 1
0.615803814714 0.441416893733 0.0282616640273 0.0582287732976 0.0888888888889 0.703703703704 0.0560117302053 0.1357771261 1
0.564032697548 0.449591280654 0.00560360579851 0.0151053721525 0.0924731182796 0.528554360812 0.130205278592 0.238709677419 1
0.66757493188 0.430517711172 0.0309416494092 0.104641247411 0.251851851852 0.870967741935 0.144281524927 0.16275659824 1
0.629427792916 0.405994550409 0.181508100865 0.239980509197 0.0215053763441 0.0716845878136 0.0850439882698 0.645161290323 1
0.615803814714 0.370572207084 0.142891947862 0.273602143988 0.0183990442055 0.0437275985663 0.0563049853372 0.448680351906 1
0.599455040872 0.354223433243 0.227189669875 0.447923011329 0.0267622461171 0.0418160095579 0.0692082111437 0.612023460411 1
0.634877384196 0.41416893733 0.0951394810574 0.122061152394 0.0236559139785 0.0454002389486 0.11642228739 0.296187683284 1
0.662125340599 0.403269754768 0.102813984651 0.129735655987 0.0129032258065 0.0253285543608 0.0888563049853 0.391202346041 1
0.643051771117 0.389645776567 0.201242538677 0.251918625898 0.00501792114695 0.0351254480287 0.111436950147 0.504985337243 1
0.626702997275 0.362397820163 0.220976976489 0.303203800707 0.0117084826762 0.0348864994026 0.0507331378299 0.489736070381 1
0.66485013624 0.386920980926 0.1319283713 0.178097210379 0.00669056152927 0.0425328554361 0.108797653959 0.412023460411 1
0.588555858311 0.435967302452 0.105981240102 0.12778657571 0.0152927120669 0.0327359617682 0.153958944282 0.453372434018 1
0.637602179837 0.381471389646 0.17943720307 0.229138750152 0.0131421744325 0.0434886499403 0.118475073314 0.454545454545 1
0.626702997275 0.389645776567 0.123401145085 0.272627603849 0.00501792114695 0.132855436081 0.0868035190616 0.848680351906 1
0.626702997275 0.397820163488 0.111584845901 0.156900962358 0.01027479092 0.0200716845878 0.0521994134897 0.480351906158 1
0.623978201635 0.378746594005 0.304665610915 0.373248873188 0.00286738351254 0.0394265232975 0.0824046920821 0.599120234604 1
0.610354223433 0.389645776567 0.328663661835 0.379705201608 0.00979689366786 0.11541218638 0.0307917888563 0.640469208211 1
0.245231607629 0.471389645777 0.229504202704 0.389085150445 0.0327359617682 0.0375149342891 0.118768328446 0.667448680352 1
0.201634877384 0.441416893733 0.26154220977 0.302838348154 0.021027479092 0.0305854241338 0.15219941349 0.697947214076 1
0.275204359673 0.539509536785 0.227920574979 0.296382019734 0.09486260454 0.109199522103 0.237829912023 0.381231671554 1
0.351498637602 0.613079019074 0.23571689609 0.255694968937 0.0229390681004 0.0379928315412 0.17008797654 0.452785923754 1
0.359673024523 0.564032697548 0.0606651236448 0.262638567426 0.0745519713262 0.382556750299 0.0392961876833 0.066862170088 1
0.264305177112 0.514986376022 0.259836764527 0.329272749421 0.0148148148148 0.0303464755078 0.139589442815 0.645161290323 1
0.528610354223 0.362397820163 0.128273845779 0.205871604337 0.120669056153 0.192114695341 0.255425219941 0.280351906158 1
0.604904632153 0.340599455041 0.15361188939 0.317943720307 0.0277180406213 0.0606929510155 0.0495601173021 0.190029325513 1
0.572207084469 0.351498637602 0.215617005725 0.350834449994 0.0169653524492 0.0618876941458 0.0885630498534 0.719648093842 1
0.607629427793 0.33514986376 0.157388232428 0.183091728591 0.0941457586619 0.196893667861 0.257184750733 0.48211143695 1
0.683923705722 0.32970027248 0.116822999147 0.157510049945 0.0224611708483 0.0611708482676 0.0592375366569 0.282404692082 1
0.553133514986 0.179836512262 0.144231940553 0.163357290778 0.031541218638 0.0989247311828 0.033431085044 0.239589442815 1
0.675749318801 0.269754768392 0.195029845292 0.223169691802 0.031780167264 0.0977299880526 0.0260997067449 0.3 1
0.683923705722 0.359673024523 0.0322816421001 0.0730905104154 0.00645161290323 0.0403823178017 0.0173020527859 0.195894428152 1
0.623978201635 0.25068119891 0.15726641491 0.210013399927 0.00836320191159 0.0365591397849 0.0205278592375 0.309384164223 1
0.632152588556 0.280653950954 0.295894749665 0.336338165428 0.0026284348865 0.0236559139785 0.0181818181818 0.490615835777 1
0.100817438692 0.49863760218 0.0354488975515 0.0428797661104 0.0344086021505 0.0690561529271 0.0343108504399 0.0715542521994 2
0.0136239782016 0.422343324251 0.0557924229504 0.0767450359362 0.0277180406213 0.042054958184 0.0703812316716 0.156891495601 2
0.0544959128065 0.460490463215 0.0405652332805 0.0762577658667 0.0222222222222 0.0351254480287 0.0536656891496 0.134897360704 2
0.128065395095 0.468664850136 0.0851504446339 0.14069923255 0.0112305854241 0.0363201911589 0.00351906158358 0.0577712609971 2
0.242506811989 0.569482288828 0.0417834084541 0.131806553782 0.00955794504182 0.0403823178017 0.0123167155425 0.0689149560117 2
0.136239782016 0.468664850136 0.12729930564 0.225240589597 0.0119474313023 0.0291517323775 0.0126099706745 0.0718475073314 2
0.348773841962 0.632152588556 0.0 0.0721159702765 0.00477897252091 0.0451612903226 0.00058651026393 0.00175953079179 2
0.326975476839 0.659400544959 0.0700450724814 0.105737605068 0.0260454002389 0.0394265232975 0.0454545454545 0.206744868035 2
0.106267029973 0.455040871935 0.0974540138872 0.156779144841 0.0181600955795 0.0360812425329 0.0114369501466 0.13137829912 2
0.348773841962 0.732970027248 0.0296016567182 0.121452064807 0.0301075268817 0.0403823178017 0.0214076246334 0.214076246334 2
0.0681198910082 0.460490463215 0.0512851748081 0.0639541966135 0.015531660693 0.0446833930705 0.0123167155425 0.113196480938 2
0.193460490463 0.50408719346 0.000487270069436 0.000852722621513 0.0864994026284 0.102986857826 0.00938416422287 0.180351906158 2
0.234332425068 0.632152588556 0.0810086490437 0.114508466317 0.0260454002389 0.037037037037 0.0715542521994 0.184750733138 2
0.125340599455 0.555858310627 0.0291143866488 0.0615178462663 0.0389486260454 0.0547192353644 0.0865102639296 0.191495601173 2
0.117166212534 0.607629427793 0.010841759045 0.025094408576 0.0649940262843 0.0879330943847 0.0803519061584 0.0961876832845 2
0.0599455040872 0.569482288828 0.020708977951 0.0451942989402 0.0334528076464 0.0401433691756 0.0706744868035 0.158651026393 2
0.0517711171662 0.482288828338 0.0562796930199 0.0699232549641 0.0267622461171 0.0279569892473 0.0782991202346 0.184750733138 2
0.106267029973 0.520435967302 0.0696796199293 0.0934340358144 0.0176821983274 0.0279569892473 0.0700879765396 0.160117302053 2
0.130790190736 0.577656675749 0.0467779266659 0.0590814959191 0.0303464755078 0.0389486260454 0.0953079178886 0.178885630499 2
0.228882833787 0.735694822888 0.000365452552077 0.00243635034718 0.0862604540024 0.118996415771 0.0222873900293 0.140762463343 2
0.171662125341 0.602179836512 0.0556706054331 0.0986721890608 0.0236559139785 0.0248506571087 0.0879765395894 0.259824046921 2
0.209809264305 0.659400544959 0.0154708247046 0.025094408576 0.0291517323775 0.037037037037 0.0557184750733 0.0671554252199 2
0.0490463215259 0.50408719346 0.0383725179681 0.0739432330369 0.0346475507766 0.0551971326165 0.0818181818182 0.187683284457 2
0.0517711171662 0.528610354223 0.0339870873432 0.0578633207455 0.0248506571087 0.0382317801673 0.0542521994135 0.132551319648 2
0.272479564033 0.634877384196 0.0733341454501 0.0850286271166 0.0236559139785 0.0413381123059 0.066275659824 0.175073313783 2
0.119891008174 0.572207084469 0.010841759045 0.0198562553295 0.0692951015532 0.0989247311828 0.0736070381232 0.0865102639296 2
0.0463215258856 0.577656675749 0.0200998903642 0.031550736996 0.0559139784946 0.0673835125448 0.0894428152493 0.100586510264 2
0.1689373297 0.651226158038 0.0387379705202 0.0646851017176 0.0188769414576 0.0255675029869 0.058064516129 0.0932551319648 2
0.125340599455 0.547683923706 0.0516506273602 0.0946522109879 0.0236559139785 0.031541218638 0.0768328445748 0.199706744868 2
0.0190735694823 0.634877384196 0.00864904373249 0.014252649531 0.0599761051374 0.0649940262843 0.0284457478006 0.0527859237537 2
0.207084468665 0.637602179837 0.025094408576 0.0287489340967 0.0673835125448 0.0850657108722 0.134017595308 0.157771260997 2
0.288828337875 0.700272479564 0.0327689121696 0.0721159702765 0.0480286738351 0.0649940262843 0.0677419354839 0.223460410557 2
0.0463215258856 0.555858310627 0.00499451821172 0.0164453648435 0.0449223416965 0.0855436081243 0.033431085044 0.049853372434 2
0.226158038147 0.648501362398 0.0119381167012 0.0238762334024 0.0640382317802 0.0864994026284 0.0791788856305 0.0994134897361 2
0.256130790191 0.558583106267 0.00219271531246 0.00462906565964 0.104181600956 0.108004778973 0.0797653958944 0.102639296188 2
0.378746594005 0.531335149864 0.0243635034718 0.0438543062492 0.0 0.0 0.00879765395894 0.0821114369501 2
0.242506811989 0.566757493188 0.106590327689 0.14069923255 0.00286738351254 0.00573476702509 0.024926686217 0.230205278592 2
0.256130790191 0.613079019074 0.10793032038 0.13838469972 0.000955794504182 0.010752688172 0.0548387096774 0.235190615836 2
0.25340599455 0.610354223433 0.0861249847728 0.126690218053 0.0 0.00143369175627 0.0131964809384 0.116715542522 2
0.261580381471 0.566757493188 0.155073699598 0.163357290778 0.0 0.00119474313023 0.00439882697947 0.183870967742 2
0.267029972752 0.604904632153 0.0959922036789 0.133268363991 0.000238948626045 0.00167264038232 0.00879765395894 0.137829912023 2
0.256130790191 0.604904632153 0.0958703861615 0.124497502741 0.000716845878136 0.0164874551971 0.0217008797654 0.204105571848 2
0.346049046322 0.604904632153 0.114143013765 0.26568400536 0.000238948626045 0.00430107526882 0.0146627565982 0.222580645161 2
0.400544959128 0.705722070845 0.0699232549641 0.195395297844 0.0 0.000238948626045 0.00791788856305 0.058064516129 2
0.337874659401 0.588555858311 0.135217444268 0.249725910586 0.0 0.00334528076464 0.0316715542522 0.251612903226 2
0.348773841962 0.602179836512 0.118772079425 0.260933122183 0.000238948626045 0.00119474313023 0.0173020527859 0.195894428152 2
0.370572207084 0.648501362398 0.0958703861615 0.223413326836 0.0 0.000238948626045 0.00410557184751 0.0979472140762 2
0.346049046322 0.596730245232 0.108173955415 0.293945669387 0.0 0.0 0.0058651026393 0.100293255132 2
0.365122615804 0.517711171662 0.0621269338531 0.212449750274 0.0 0.0 0.000879765395894 0.0756598240469 2
0.0381471389646 0.321525885559 0.0506760872213 0.211597027653 0.00501792114695 0.00884109916368 0.0357771260997 0.122873900293 2
0.288828337875 0.588555858311 0.0 0.000487270069436 0.0989247311828 0.159617682198 0.00967741935484 0.0815249266862 2
0.318801089918 0.591280653951 0.000121817517359 0.00158362772567 0.0769414575866 0.161290322581 0.0134897360704 0.0868035190616 2
0.351498637602 0.604904632153 0.108052137897 0.118162991838 0.0133811230585 0.0356033452808 0.0228739002933 0.0636363636364 2
0.386920980926 0.643051771117 0.100621269339 0.263004019978 0.0 0.0026284348865 0.000293255131965 0.0351906158358 2
0.378746594005 0.67029972752 0.0679741746863 0.201729808746 0.0 0.00191158900836 0.00234604105572 0.0686217008798 2
0.354223433243 0.623978201635 0.0989158240955 0.267876720672 0.000238948626045 0.00286738351254 0.00762463343109 0.10146627566 2
0.365122615804 0.640326975477 0.169813619198 0.203069801437 0.00430107526882 0.00836320191159 0.00234604105572 0.133724340176 2
0.384196185286 0.653950953678 0.083810451943 0.208064319649 0.0 0.0 0.0114369501466 0.101759530792 2
0.403269754768 0.457765667575 0.012547204288 0.286758435863 0.0 0.0 0.0 0.0 2
0.288828337875 0.50408719346 0.0 0.00146181020831 0.0819593787336 0.123775388292 0.0111436950147 0.0709677419355 2
0.318801089918 0.58310626703 0.131319283713 0.207333414545 0.0 0.000955794504182 0.0196480938416 0.285630498534 2
0.234332425068 0.528610354223 0.1501766354 0.176026312584 2.38948626045e-05 0.000238948626045 2.93255131965e-05 0.0769794721408 2
0.324250681199 0.640326975477 0.0654160068218 0.0691923498599 0.000955794504182 0.00740740740741 0.0436950146628 0.142815249267 2
0.177111716621 0.482288828338 0.127421123158 0.146546473383 0.00238948626045 0.005256869773 0.0205278592375 0.26715542522 2
0.321525885559 0.572207084469 0.192106224875 0.23340236326 0.000238948626045 0.00238948626045 0.00175953079179 0.218181818182 2
0.188010899183 0.50136239782 0.145084663175 0.193324400049 0.000955794504182 0.00477897252091 0.0158357771261 0.250439882698 2
0.188010899183 0.493188010899 0.138871969789 0.146424655866 0.00167264038232 0.00645161290323 0.0258064516129 0.265982404692 2
0.223433242507 0.536784741144 0.153855524424 0.211353392618 0.0 0.00143369175627 0.00557184750733 0.18651026393 2
0.425068119891 0.722070844687 0.167133633817 0.227555122427 0.0 0.005256869773 0.00967741935484 0.176246334311 2
0.397820163488 0.659400544959 0.143257400414 0.235595078572 0.00238948626045 0.0207885304659 0.00791788856305 0.127859237537 2
0.297002724796 0.719346049046 0.0392252405896 0.0514069923255 0.0477897252091 0.0652329749104 0.058357771261 0.0853372434018 2
0.441416893733 0.634877384196 0.0610305761969 0.214886100621 0.00382317801673 0.0454002389486 0.00410557184751 0.0243401759531 2
0.136239782016 0.50408719346 0.0144962845657 0.0252162260933 0.084348864994 0.0972520908005 0.0595307917889 0.082991202346 2
0.316076294278 0.678474114441 0.0646851017176 0.0869777073943 0.0485065710872 0.0623655913978 0.0659824046921 0.13431085044 2
0.33514986376 0.645776566757 0.106224875137 0.166768181264 0.0310633213859 0.063321385902 0.0434017595308 0.121407624633 2
0.313351498638 0.662125340599 0.112315751005 0.143866488001 0.0465949820789 0.0817204301075 0.058357771261 0.168914956012 2
0.277929155313 0.643051771117 0.0451942989402 0.0593251309538 0.058064516129 0.0728793309438 0.0733137829912 0.112023460411 2
0.217983651226 0.683923705722 0.0191253502254 0.020343525399 0.108482676225 0.132377538829 0.0404692082111 0.075366568915 2
0.155313351499 0.613079019074 0.0331343647216 0.034961627482 0.084109916368 0.0967741935484 0.0859237536657 0.117302052786 2
0.425068119891 0.678474114441 0.0685832622731 0.237665976367 0.00167264038232 0.0191158900836 0.00351906158358 0.0304985337243 2
0.138964577657 0.566757493188 0.0321598245828 0.03459617493 0.0982078853047 0.102508960573 0.0929618768328 0.127272727273 2
0.32970027248 0.67029972752 0.110853940797 0.125959312949 0.0494623655914 0.0810035842294 0.0689149560117 0.172434017595 2
0.179836512262 0.427792915531 0.0170544524303 0.0225362407114 0.0592592592593 0.0712066905615 0.0524926686217 0.0627565982405 2
0.41689373297 0.757493188011 0.134608356682 0.258740406871 0.000955794504182 0.0279569892473 0.00058651026393 0.0815249266862 2
0.174386920981 0.618528610354 0.0321598245828 0.044463393836 0.0821983273596 0.0924731182796 0.091788856305 0.12082111437 2
0.386920980926 0.730245231608 0.09501766354 0.182482641004 0.00501792114695 0.0145758661888 0.0126099706745 0.105865102639 2
0.209809264305 0.648501362398 0.0233889633329 0.0560360579851 0.0520908004779 0.0673835125448 0.0612903225806 0.0894428152493 2
0.261580381471 0.632152588556 0.00304543793397 0.00998903642344 0.127837514934 0.203584229391 0.0208211143695 0.0695014662757 2
0.223433242507 0.645776566757 0.0188817151906 0.0371543427945 0.0520908004779 0.0731182795699 0.0422287390029 0.0524926686217 2
0.117166212534 0.623978201635 0.0174199049823 0.0247289560239 0.0936678614098 0.0974910394265 0.0651026392962 0.0958944281525 2
0.133514986376 0.58583106267 0.0175417224997 0.0227798757461 0.0982078853047 0.125925925926 0.0524926686217 0.0897360703812 2
0.354223433243 0.738419618529 0.067852357169 0.0974540138872 0.0291517323775 0.0487455197133 0.0260997067449 0.0853372434018 2
0.209809264305 0.645776566757 0.0160799122914 0.019003532708 0.0936678614098 0.123297491039 0.041642228739 0.075073313783 2
0.179836512262 0.599455040872 0.0261907662322 0.0265562187843 0.0554360812425 0.0652329749104 0.0850439882698 0.092082111437 2
0.321525885559 0.653950953678 0.10841759045 0.120112072116 0.0451612903226 0.0606929510155 0.024926686217 0.217008797654 2
0.242506811989 0.727520435967 0.0104763064929 0.022048970642 0.0939068100358 0.144324970131 0.0322580645161 0.0639296187683 2
0.378746594005 0.722070844687 0.0864904373249 0.124375685224 0.00884109916368 0.0172043010753 0.0234604105572 0.107624633431 2
0.122615803815 0.512261580381 0.0199780728469 0.0274089414058 0.084348864994 0.0886499402628 0.0739002932551 0.107038123167 2
0.155313351499 0.487738419619 0.0216835180899 0.0292362041662 0.121624850657 0.1486260454 0.0736070381232 0.140469208211 2
0.160762942779 0.613079019074 0.0306980143745 0.0348398099647 0.0594982078853 0.0731182795699 0.0507331378299 0.0794721407625 2
0.201634877384 0.596730245232 0.022048970642 0.0265562187843 0.0814814814815 0.0979689366786 0.0695014662757 0.106158357771 2
0.106267029973 0.523160762943 0.0266780363016 0.0308198318918 0.10633213859 0.113022700119 0.0865102639296 0.122580645161 2
0.182561307902 0.613079019074 0.0193689852601 0.0236325983676 0.0551971326165 0.0604540023895 0.0615835777126 0.082991202346 2
0.147138964578 0.58310626703 0.0264344012669 0.0299671092703 0.0776583034648 0.0857825567503 0.0756598240469 0.103519061584 2
0.411444141689 0.732970027248 0.0886831526373 0.148617371178 0.00358422939068 0.0126642771804 0.0237536656891 0.111143695015 2
0.356948228883 0.765667574932 0.0433670361798 0.12133024729 0.0243727598566 0.0669056152927 0.00791788856305 0.025219941349 2
0.231607629428 0.523160762943 0.0235107808503 0.0280180289926 0.0535244922342 0.0647550776583 0.0680351906158 0.0791788856305 2
0.365122615804 0.74931880109 0.0621269338531 0.106833962724 0.0148148148148 0.042054958184 0.0263929618768 0.091788856305 2
0.155313351499 0.618528610354 0.010841759045 0.0149835546352 0.0759856630824 0.0915173237754 0.0513196480938 0.0785923753666 2
0.446866485014 0.735694822888 0.187842611768 0.2287732976 0.0 0.00549581839904 0.00674486803519 0.166568914956 2
0.343324250681 0.782016348774 0.0319161895481 0.0467779266659 0.0238948626045 0.0465949820789 0.0401759530792 0.0788856304985 2
0.190735694823 0.626702997275 0.00974540138872 0.0255816786454 0.05256869773 0.0597371565114 0.0879765395894 0.129032258065 2
0.33242506812 0.561307901907 0.00243635034718 0.00974540138872 0.0477897252091 0.0621266427718 0.0527859237537 0.0615835777126 2
0.258855585831 0.591280653951 0.0219271531246 0.0560360579851 0.0238948626045 0.0430107526882 0.0879765395894 0.123167155425 2
0.316076294278 0.604904632153 0.0 0.0020708977951 0.138590203106 0.205495818399 0.0278592375367 0.114369501466 2
0.321525885559 0.732970027248 0.00121817517359 0.00852722621513 0.112305854241 0.138590203106 0.0645161290323 0.108504398827 2
0.231607629428 0.599455040872 0.0 0.0 0.117562724014 0.151493428913 0.00967741935484 0.126392961877 2
0.24795640327 0.58583106267 0.0182726276038 0.0255816786454 0.0238948626045 0.0358422939068 0.0469208211144 0.0733137829912 2
0.0871934604905 0.444141689373 0.0657814593739 0.0803995614569 0.0119474313023 0.0215053763441 0.00879765395894 0.0762463343109 2
0.0871934604905 0.452316076294 0.053599707638 0.0572542331587 0.00955794504182 0.0286738351254 0.00879765395894 0.0410557184751 2
0.310626702997 0.50408719346 0.0280180289926 0.0304543793397 0.0573476702509 0.0740740740741 0.0557184750733 0.0703812316716 2
0.0899182561308 0.427792915531 0.0487270069436 0.0877086124985 0.00716845878136 0.0286738351254 0.0058651026393 0.0381231671554 2
0.198910081744 0.566757493188 0.00852722621513 0.0194908027774 0.0764635603345 0.109916367981 0.0791788856305 0.099706744868 2
0.288828337875 0.50408719346 0.0 0.00146181020831 0.0819593787336 0.123775388292 0.0111436950147 0.0709677419355 2
0.294277929155 0.520435967302 0.0109635765623 0.0280180289926 0.0764635603345 0.124253285544 0.099706744868 0.108504398827 2
0.207084468665 0.58583106267 0.020708977951 0.0377634303813 0.0477897252091 0.0549581839904 0.058651026393 0.129032258065 2
0.297002724796 0.713896457766 0.000121817517359 0.00280180289926 0.124253285544 0.144086021505 0.0524926686217 0.135190615836 2
0.226158038147 0.615803814714 0.0 0.00121817517359 0.109677419355 0.145519713262 0.0099706744868 0.124046920821 2
0.149863760218 0.544959128065 0.00584724083323 0.028505299062 0.0673835125448 0.0965352449223 0.0791788856305 0.123753665689 2
0.144414168937 0.602179836512 0.00121817517359 0.00755268607626 0.0516129032258 0.143608124253 0.0686217008798 0.210850439883 2
0.158038147139 0.49591280654 0.0523815324644 0.15592642222 0.00238948626045 0.0119474313023 0.0263929618768 0.0733137829912 2
0.1689373297 0.517711171662 0.0450724814228 0.0925813131928 0.00238948626045 0.00477897252091 0.0263929618768 0.111436950147 2
0.32970027248 0.591280653951 0.0596905835059 0.19003532708 0.00716845878136 0.0215053763441 0.0351906158358 0.105571847507 2
0.220708446866 0.523160762943 0.0669996345474 0.146181020831 0.00716845878136 0.0143369175627 0.0322580645161 0.102639296188 2
0.24795640327 0.577656675749 0.0194908027774 0.0438543062492 0.0191158900836 0.0238948626045 0.0527859237537 0.0821114369501 2
0.0408719346049 0.392370572207 0.0657814593739 0.0986721890608 0.00238948626045 0.00477897252091 0.0175953079179 0.134897360704 2
0.457765667575 0.689373297003 0.067852357169 0.293702034353 0.0143369175627 0.04229390681 0.0196480938416 0.0348973607038 2
0.430517711172 0.640326975477 0.122061152394 0.373736143257 0.00286738351254 0.00477897252091 0.00322580645161 0.0266862170088 2
0.427792915531 0.645776566757 0.0763795833841 0.217809721038 0.00884109916368 0.0162485065711 0.0123167155425 0.0480938416422 2
0.367847411444 0.610354223433 0.176513582653 0.264587647704 0.0188769414576 0.0289127837515 0.0120234604106 0.0293255131965 2
0.686648501362 0.422343324251 0.0683396272384 0.270556706054 0.0339307048984 0.073835125448 0.0524926686217 0.101759530792 2
0.553133514986 0.321525885559 0.162748203192 0.196126202948 0.00645161290323 0.0253285543608 0.0129032258065 0.0709677419355 2
0.506811989101 0.305177111717 0.0881958825679 0.10378852479 0.00406212664277 0.0193548387097 0.0184750733138 0.225513196481 2
0.594005449591 0.337874659401 0.128761115848 0.172006334511 0.0114695340502 0.0126642771804 0.0225806451613 0.103519061584 2
0.741144414169 0.471389645777 0.0525033499817 0.163357290778 0.0236559139785 0.0389486260454 0.0278592375367 0.0565982404692 2
0.662125340599 0.430517711172 0.072603240346 0.246924107687 0.00764635603345 0.0229390681004 0.0143695014663 0.0513196480938 2
0.659400544959 0.422343324251 0.0651723717871 0.255207698867 0.0227001194743 0.0652329749104 0.0202346041056 0.0571847507331 2
0.659400544959 0.452316076294 0.0836886344256 0.314898282373 0.0078853046595 0.015531660693 0.0117302052786 0.0319648093842 2
0.705722070845 0.455040871935 0.0633451090267 0.243878669753 0.0372759856631 0.0814814814815 0.0431085043988 0.0841642228739 2
0.514986376022 0.321525885559 0.152393714216 0.188573516872 0.00286738351254 0.0131421744325 0.00381231671554 0.0577712609971 2
0.694822888283 0.452316076294 0.0704105250335 0.283469362894 0.0324970131422 0.0442054958184 0.033431085044 0.0979472140762 2
0.686648501362 0.465940054496 0.0832013643562 0.250334998173 0.021027479092 0.0513739545998 0.0325513196481 0.049853372434 2
0.493188010899 0.326975476839 0.137166524546 0.21817517359 0.00238948626045 0.0124253285544 0.00791788856305 0.0956011730205 2
0.623978201635 0.411444141689 0.131562918748 0.297234742356 0.00167264038232 0.00215053763441 0.00263929618768 0.0137829912023 2
0.591280653951 0.337874659401 0.139237422341 0.156291874772 0.00979689366786 0.0174432497013 0.0161290322581 0.0838709677419 2
0.599455040872 0.397820163488 0.0913631380192 0.243513217201 0.00477897252091 0.0303464755078 0.0143695014663 0.0451612903226 2
0.408719346049 0.408719346049 0.0889267876721 0.178097210379 0.0109916367981 0.0148148148148 0.0134897360704 0.0609970674487 2
0.686648501362 0.193460490463 0.000121817517359 0.000365452552077 0.0470728793309 0.0774193548387 0.0208211143695 0.10293255132 2
0.610354223433 0.144414168937 0.000852722621513 0.00365452552077 0.0642771804062 0.0869772998805 0.074780058651 0.152492668622 2
0.711171662125 0.239782016349 0.000121817517359 0.00121817517359 0.118996415771 0.190681003584 0.0193548387097 0.141935483871 2
0.656675749319 0.354223433243 0.00170544524303 0.00353270800341 0.0812425328554 0.0888888888889 0.0445747800587 0.109677419355 2
0.476839237057 0.904632152589 0.0 0.000243635034718 0.140979689367 0.163201911589 0.0392961876833 0.168035190616 2
0.408719346049 0.896457765668 0.0 0.00133999269095 0.13835125448 0.14982078853 0.0445747800587 0.185337243402 2
0.0 0.321525885559 0.0620051163357 0.0929467657449 0.00454002389486 0.00764635603345 0.00967741935484 0.0392961876833 2
0.566757493188 0.269754768392 0.0175417224997 0.0581069557802 0.0286738351254 0.0721624850657 0.0648093841642 0.106158357771 2
0.460490463215 0.711171662125 0.0442197588013 0.246193202583 0.0332138590203 0.068339307049 0.0577712609971 0.12082111437 2
0.452316076294 0.754768392371 0.00937994883664 0.082470459252 0.0556750298686 0.102031063321 0.0791788856305 0.22991202346 2
0.269754768392 0.705722070845 0.00133999269095 0.0154708247046 0.0728793309438 0.135483870968 0.0175953079179 0.161290322581 2
0.591280653951 0.204359673025 0.0153490071872 0.0334998172737 0.00477897252091 0.0217443249701 0.092082111437 0.105571847507 2
0.694822888283 0.305177111717 0.00146181020831 0.0104763064929 0.0360812425329 0.0413381123059 0.0589442815249 0.0785923753666 2
0.735694822888 0.261580381471 0.000121817517359 0.004750883177 0.0807646356033 0.109438470729 0.0697947214076 0.189149560117 2
0.700272479564 0.286103542234 0.00121817517359 0.00487270069436 0.0501792114695 0.0645161290323 0.0821114369501 0.129032258065 2
0.700272479564 0.392370572207 0.0296016567182 0.0420270434889 0.0324970131422 0.12807646356 0.0269794721408 0.075366568915 2
0.607629427793 0.356948228883 0.0612742112316 0.0691923498599 0.0408602150538 0.129988052569 0.0648093841642 0.105865102639 2
0.623978201635 0.389645776567 0.0420270434889 0.0746741381411 0.068578255675 0.164635603345 0.0225806451613 0.0378299120235 2
