0.0236220472441 0.594488188976 0.589147286822 0.773255813953 0.192841490139 0.220233747261 0.16139044072 0.256362507759 0
0.114173228346 0.555118110236 0.410852713178 0.612403100775 0.344777209642 0.410518626735 0.464307883302 0.585971446307 0
0.0669291338583 0.511811023622 0.244186046512 0.412790697674 0.0756026296567 0.14061358656 0.105524518932 0.168839230292 0
0.0354330708661 0.53937007874 0.436046511628 0.604651162791 0.105551497443 0.146092037984 0.114214773433 0.206703910615 0
0.220472440945 0.562992125984 0.263565891473 0.422480620155 0.0931336742148 0.144265887509 0.140906269398 0.212290502793 0
0.161417322835 0.456692913386 0.608527131783 0.748062015504 0.100803506209 0.221329437546 0.17008069522 0.420856610801 0
0.181102362205 0.614173228346 0.317829457364 0.5 0.121986851717 0.176771365961 0.12104283054 0.144630664184 0
0.248031496063 0.574803149606 0.606589147287 0.742248062016 0.233747260774 0.287801314828 0.312228429547 0.35878336437 0
0.165354330709 0.496062992126 0.56976744186 0.697674418605 0.210737764792 0.256756756757 0.296710117939 0.333954065798 0
0.173228346457 0.57874015748 0.668604651163 0.792635658915 0.206720233747 0.27027027027 0.304779639975 0.371198013656 0
0.0748031496063 0.334645669291 0.736434108527 0.81976744186 0.210372534697 0.294375456538 0.62818125388 0.808193668529 0
0.185039370079 0.704724409449 0.302325581395 0.56976744186 0.203067932798 0.396639883126 0.0260707635009 0.249534450652 0
0.0393700787402 0.299212598425 0.408914728682 0.563953488372 0.0788897005113 0.148283418554 0.12538795779 0.162631905649 0
0.157480314961 0.570866141732 0.501937984496 0.656976744186 0.192111029949 0.243243243243 0.324022346369 0.373680943513 0
0.173228346457 0.716535433071 0.232558139535 0.515503875969 0.210372534697 0.374726077429 0.0260707635009 0.224705152079 0
0.102362204724 0.476377952756 0.21511627907 0.387596899225 0.140978816654 0.188458728999 0.299193047796 0.348851644941 0
0.271653543307 0.637795275591 0.377906976744 0.544573643411 0.239590942294 0.283418553689 0.255741775295 0.379888268156 0
0.204724409449 0.681102362205 0.414728682171 0.600775193798 0.221329437546 0.433162892622 0.106765983861 0.305400372439 0
0.188976377953 0.716535433071 0.0 0.137596899225 0.130021913806 0.137326515705 0.0943513345748 0.175046554935 0
0.248031496063 0.696850393701 0.47480620155 0.639534883721 0.210372534697 0.290723155588 0.230912476723 0.249534450652 0
0.204724409449 0.657480314961 0.457364341085 0.633720930233 0.188458728999 0.283418553689 0.218497827436 0.342644320298 0
0.0787401574803 0.295275590551 0.484496124031 0.575581395349 0.188458728999 0.257852447042 0.274363749224 0.497827436375 0
0.0866141732283 0.409448818898 0.581395348837 0.711240310078 0.192111029949 0.235938641344 0.255741775295 0.324022346369 0
0.0866141732283 0.464566929134 0.399224806202 0.585271317829 0.137326515705 0.217677136596 0.230912476723 0.305400372439 0
0.0 0.279527559055 0.424418604651 0.614341085271 0.159240321402 0.235938641344 0.355058969584 0.3860955928 0
0.0669291338583 0.275590551181 0.653100775194 0.744186046512 0.224981738495 0.349159970782 0.584729981378 0.857852265673 0
0.188976377953 0.543307086614 0.571705426357 0.701550387597 0.210372534697 0.305332359386 0.274363749224 0.429546865301 0
0.106299212598 0.496062992126 0.286821705426 0.472868217054 0.173849525201 0.246895544193 0.168839230292 0.305400372439 0
0.208661417323 0.633858267717 0.459302325581 0.616279069767 0.210372534697 0.261504747991 0.280571073867 0.355058969584 0
0.114173228346 0.669291338583 0.077519379845 0.261627906977 0.18480642805 0.217677136596 0.156424581006 0.243327126009 0
0.181102362205 0.700787401575 0.302325581395 0.517441860465 0.170197224251 0.290723155588 0.0509000620732 0.187461204221 0
0.00787401574803 0.40157480315 0.494186046512 0.668604651163 0.173849525201 0.308984660336 0.255741775295 0.299193047796 0
0.125984251969 0.55905511811 0.591085271318 0.765503875969 0.144631117604 0.228634039445 0.317815021726 0.392302917443 0
0.145669291339 0.586614173228 0.441860465116 0.649224806202 0.258217677137 0.381300219138 0.0415890751086 0.245189323402 0
0.102362204724 0.633858267717 0.56976744186 0.808139534884 0.209642074507 0.286340394449 0.0713842333954 0.278708876474 1
0.275590551181 0.645669291339 0.618217054264 0.798449612403 0.308254200146 0.335281227173 0.587212911235 0.0620732464308 1
0.161417322835 0.740157480315 0.633720930233 0.800387596899 0.110299488678 0.187728268809 0.109248913718 0.227808814401 1
0.106299212598 0.606299212598 0.492248062016 0.707364341085 0.251643535427 0.342585829072 0.104903786468 0.287399130975 1
0.244094488189 0.740157480315 0.562015503876 0.78488372093 0.313002191381 0.322863403944 0.581626319056 0.0769708255742 1
0.110236220472 0.602362204724 0.46511627907 0.678294573643 0.220598977356 0.274287801315 0.142768466791 0.259466170081 1
0.263779527559 0.661417322835 0.65503875969 0.839147286822 0.333455076698 0.36815193572 0.638112973309 0.901303538175 1
0.267716535433 0.736220472441 0.532945736434 0.726744186047 0.348429510592 0.359021183346 0.549968963377 0.617008069522 1
0.338582677165 0.775590551181 0.565891472868 0.744186046512 0.305332359386 0.325785244704 0.487895716946 0.52451893234 1
0.0787401574803 0.602362204724 0.598837209302 0.755813953488 0.181519357195 0.260409057706 0.314711359404 0.35443823712 1
0.259842519685 0.716535433071 0.521317829457 0.709302325581 0.411979547115 0.461650840029 0.626319056487 0.774053382992 1
0.0787401574803 0.610236220472 0.492248062016 0.722868217054 0.250913075237 0.334915997078 0.0937306021105 0.302296710118 1
0.196850393701 0.744094488189 0.443798449612 0.65503875969 0.152666179693 0.269174579985 0.0751086281813 0.19739292365 1
0.192913385827 0.614173228346 0.598837209302 0.81007751938 0.322132943755 0.365595325055 0.723774053383 0.824953445065 1
0.181102362205 0.712598425197 0.43023255814 0.633720930233 0.136596055515 0.218042366691 0.0775915580385 0.185599006828 1
0.145669291339 0.531496062992 0.695736434109 0.84496124031 0.321402483565 0.389700511322 0.807572936065 1.0 1
0.255905511811 0.708661417323 0.501937984496 0.699612403101 0.27465303141 0.325420014609 0.469894475481 0.623836126629 1
0.216535433071 0.637795275591 0.668604651163 0.837209302326 0.311906501096 0.334915997078 0.698944754811 0.924270639354 1
0.165354330709 0.685039370079 0.453488372093 0.695736434109 0.307888970051 0.319941563185 0.340161390441 0.541278708876 1
0.437007874016 0.771653543307 0.720930232558 0.841085271318 0.241417092768 0.285609934259 0.396648044693 0.512725015518 1
0.417322834646 0.830708661417 0.705426356589 0.84496124031 0.285975164354 0.322863403944 0.397889509621 0.59217877095 1
0.255905511811 0.748031496063 0.420542635659 0.616279069767 0.252739225712 0.32176771366 0.150217256363 0.319677219119 1
0.377952755906 0.830708661417 0.699612403101 0.868217054264 0.289992695398 0.373265157049 0.365611421477 0.518311607697 1
0.334645669291 0.870078740157 0.635658914729 0.843023255814 0.289992695398 0.330533235939 0.441340782123 0.504034761018 1
0.425196850394 0.88188976378 0.720930232558 0.887596899225 0.342951059167 0.391891891892 0.458721291124 0.614525139665 1
0.267716535433 0.877952755906 0.5 0.734496124031 0.154492330168 0.247260774288 0.0720049658597 0.229671011794 1
0.456692913386 0.822834645669 0.75 0.903100775194 0.258217677137 0.295471146822 0.477343265053 0.660459342024 1
0.385826771654 0.787401574803 0.701550387597 0.843023255814 0.280496712929 0.381665449233 0.482309124767 0.599006828057 1
0.338582677165 0.807086614173 0.598837209302 0.788759689922 0.31665449233 0.371439006574 0.449410304159 0.515207945376 1
0.224409448819 0.704724409449 0.5 0.726744186047 0.264791818846 0.372534696859 0.483550589696 0.554934823091 1
0.40157480315 0.862204724409 0.656976744186 0.829457364341 0.334550766983 0.386413440467 0.374922408442 0.597144630664 1
0.374015748031 0.834645669291 0.707364341085 0.860465116279 0.310445580716 0.338203067933 0.395406579764 0.537554314091 1
0.279527559055 0.846456692913 0.622093023256 0.846899224806 0.282322863404 0.307523739956 0.493482309125 0.558038485413 1
0.417322834646 0.889763779528 0.711240310078 0.885658914729 0.291818845873 0.349159970782 0.3860955928 0.479205462446 1
0.488188976378 0.929133858268 0.633720930233 0.81976744186 0.345507669832 0.40869247626 0.277467411546 0.55183116077 1
0.374015748031 0.854330708661 0.686046511628 0.84496124031 0.289992695398 0.329802775749 0.325884543762 0.450651769088 1
0.236220472441 0.720472440945 0.494186046512 0.691860465116 0.329802775749 0.364864864865 0.278708876474 0.600248292986 1
0.275590551181 0.791338582677 0.691860465116 0.926356589147 0.398466033601 0.415266617969 0.480446927374 0.5878336437 1
0.40157480315 0.779527559055 0.713178294574 0.868217054264 0.313002191381 0.374360847334 0.589695841092 0.687150837989 1
0.318897637795 0.858267716535 0.478682170543 0.684108527132 0.220233747261 0.256391526662 0.109869646182 0.308504034761 1
0.338582677165 0.814960629921 0.670542635659 0.827519379845 0.246165084003 0.318480642805 0.338919925512 0.55617628802 1
0.413385826772 0.88188976378 0.682170542636 0.84496124031 0.307523739956 0.327976625274 0.387337057728 0.43513345748 1
0.354330708661 0.842519685039 0.676356589147 0.829457364341 0.290723155588 0.336376917458 0.438237119801 0.663563004345 1
0.318897637795 0.791338582677 0.579457364341 0.763565891473 0.282322863404 0.31957633309 0.335816263191 0.541899441341 1
0.456692913386 0.90157480315 0.703488372093 0.87984496124 0.318480642805 0.40942293645 0.409683426443 0.504034761018 1
0.523622047244 0.972440944882 0.697674418605 0.891472868217 0.367056245435 0.432797662527 0.297951582868 0.761018001241 1
0.311023622047 0.826771653543 0.666666666667 0.835271317829 0.243608473338 0.328707085464 0.356300434513 0.543761638734 1
0.484251968504 1.0 0.625968992248 0.866279069767 0.291818845873 0.355734112491 0.195530726257 0.543761638734 1
0.334645669291 0.834645669291 0.59496124031 0.78488372093 0.309349890431 0.369612856099 0.324643078833 0.526381129733 1
0.389763779528 0.779527559055 0.643410852713 0.798449612403 0.295471146822 0.32249817385 0.374922408442 0.528243327126 1
0.413385826772 0.870078740157 0.548449612403 0.740310077519 0.32249817385 0.370708546384 0.239602731223 0.423960273122 1
0.346456692913 0.952755905512 0.610465116279 0.889534883721 0.156318480643 0.307523739956 0.0993171942893 0.248913718187 1
0.472440944882 0.956692913386 0.635658914729 0.854651162791 0.295471146822 0.353907962016 0.229671011794 0.581626319056 1
0.464566929134 0.905511811024 0.660852713178 0.839147286822 0.282322863404 0.384587289993 0.412787088765 0.6052141527 1
0.377952755906 0.838582677165 0.717054263566 0.87984496124 0.292549306063 0.342951059167 0.366852886406 0.463066418374 1
0.307086614173 0.755905511811 0.641472868217 0.84496124031 0.261139517896 0.314097881665 0.482309124767 0.810055865922 1
0.413385826772 0.826771653543 0.722868217054 0.912790697674 0.289992695398 0.331628926224 0.543761638734 0.693358162632 1
0.334645669291 0.799212598425 0.693798449612 0.850775193798 0.246165084003 0.310445580716 0.379888268156 0.463066418374 1
0.397637795276 0.866141732283 0.624031007752 0.804263565891 0.376917457999 0.414170927684 0.400372439479 0.594040968343 1
0.153543307087 0.700787401575 0.567829457364 0.744186046512 0.246165084003 0.329802775749 0.504034761018 0.576660459342 1
0.448818897638 0.925196850394 0.600775193798 0.815891472868 0.27027027027 0.338933528123 0.165114835506 0.449410304159 1
0.393700787402 0.92125984252 0.554263565891 0.779069767442 0.243608473338 0.310445580716 0.166977032899 0.47113594041 1
0.409448818898 0.846456692913 0.691860465116 0.84496124031 0.335281227173 0.376186997809 0.480446927374 0.565487274984 1
0.220472440945 0.850393700787 0.742248062016 0.875968992248 0.0569758948137 0.111760409058 0.109869646182 0.333954065798 1
0.476377952756 0.933070866142 0.68992248062 0.868217054264 0.300219138057 0.321402483565 0.394165114836 0.52017380509 1
0.322834645669 0.818897637795 0.670542635659 0.846899224806 0.320672023375 0.348429510592 0.505896958411 0.592799503414 1
0.358267716535 0.858267716535 0.678294573643 0.843023255814 0.296566837107 0.342951059167 0.325884543762 0.444444444444 1
0.511811023622 0.984251968504 0.693798449612 0.916666666667 0.327976625274 0.508765522279 0.299193047796 0.595903165736 1
0.377952755906 0.822834645669 0.705426356589 0.860465116279 0.302775748722 0.364134404675 0.43513345748 0.517070142768 1
0.326771653543 0.811023622047 0.693798449612 0.848837209302 0.302775748722 0.372534696859 0.40782122905 0.543761638734 1
0.165354330709 0.885826771654 0.610465116279 1.0 0.104455807159 0.243243243243 0.243327126009 0.336436995655 1
0.0866141732283 0.476377952756 0.610465116279 0.808139534884 0.115412710007 0.279766252739 0.150217256363 0.299193047796 1
0.00787401574803 0.649606299213 0.513565891473 0.891472868217 0.151935719503 0.341855368882 0.193668528864 0.28677839851 1
0.228346456693 0.610236220472 0.672480620155 0.781007751938 0.257852447042 0.316289262235 0.299193047796 0.36747361887 1
0.204724409449 0.55905511811 0.717054263566 0.821705426357 0.202702702703 0.295105916728 0.4121663563 0.454376163873 1
0.196850393701 0.590551181102 0.697674418605 0.812015503876 0.174579985391 0.278670562454 0.424581005587 0.457479826195 1
0.212598425197 0.586614173228 0.717054263566 0.825581395349 0.184441197955 0.282322863404 0.417752948479 0.456859093731 1
0.267716535433 0.775590551181 0.740310077519 0.862403100775 0.214024835646 0.298027757487 0.20608317815 0.261949099938 1
0.425196850394 0.90157480315 0.647286821705 0.837209302326 0.0934989043097 0.206720233747 0.168839230292 0.361266294227 1
0.259842519685 0.795275590551 0.436046511628 0.618217054264 0.115412710007 0.188458728999 0.12538795779 0.181253879578 1
0.196850393701 0.61811023622 0.674418604651 0.792635658915 0.265157048941 0.283418553689 0.311607697083 0.423339540658 1
0.267716535433 0.527559055118 0.763565891473 0.852713178295 0.170197224251 0.287070854638 0.472998137803 0.485412787089 1
0.216535433071 0.586614173228 0.711240310078 0.817829457364 0.224981738495 0.305332359386 0.348851644941 0.460583488516 1
0.251968503937 0.511811023622 0.757751937984 0.850775193798 0.166544923302 0.27611395179 0.454376163873 0.472998137803 1
0.220472440945 0.606299212598 0.697674418605 0.812015503876 0.246895544193 0.287070854638 0.274363749224 0.342644320298 1
0.200787401575 0.606299212598 0.707364341085 0.804263565891 0.224981738495 0.265157048941 0.28677839851 0.348851644941 1
0.216535433071 0.586614173228 0.709302325581 0.812015503876 0.214024835646 0.27611395179 0.324022346369 0.36747361887 1
0.216535433071 0.602362204724 0.693798449612 0.794573643411 0.257852447042 0.279766252739 0.324022346369 0.398510242086 1
0.212598425197 0.57874015748 0.730620155039 0.827519379845 0.232286340394 0.319941563185 0.44816883923 0.553693358163 1
0.137795275591 0.456692913386 0.736434108527 0.864341085271 0.243243243243 0.338203067933 0.435754189944 0.696461824953 1
0.181102362205 0.594488188976 0.734496124031 0.829457364341 0.228634039445 0.298027757487 0.280571073867 0.324022346369 1
0.220472440945 0.669291338583 0.717054263566 0.839147286822 0.228634039445 0.327246165084 0.224705152079 0.311607697083 1
0.303149606299 0.763779527559 0.717054263566 0.852713178295 0.173849525201 0.308984660336 0.131595282433 0.261949099938 1
0.362204724409 0.767716535433 0.746124031008 0.862403100775 0.159240321402 0.27246165084 0.162631905649 0.280571073867 1
0.196850393701 0.562992125984 0.738372093023 0.868217054264 0.280861943024 0.396639883126 0.408441961515 0.525139664804 1
0.444881889764 0.862204724409 0.722868217054 0.84496124031 0.130021913806 0.239590942294 0.181253879578 0.280571073867 1
0.287401574803 0.763779527559 0.468992248062 0.647286821705 0.151935719503 0.228634039445 0.168839230292 0.268156424581 1
0.295275590551 0.720472440945 0.647286821705 0.769379844961 0.188458728999 0.257852447042 0.243327126009 0.317815021726 1
0.287401574803 0.759842519685 0.292635658915 0.540697674419 0.389335281227 0.557341124909 0.112973308504 0.541278708876 1
0.38188976378 0.787401574803 0.323643410853 0.531007751938 0.323593864134 0.484295105917 0.0819366852886 0.435754189944 1
0.244094488189 0.625984251969 0.631782945736 0.751937984496 0.246895544193 0.319941563185 0.280571073867 0.336436995655 1
0.299212598425 0.685039370079 0.544573643411 0.68023255814 0.228634039445 0.254200146092 0.261949099938 0.330229671012 1
0.291338582677 0.696850393701 0.46511627907 0.653100775194 0.192111029949 0.308984660336 0.162631905649 0.237119801366 1
0.275590551181 0.677165354331 0.511627906977 0.649224806202 0.235938641344 0.290723155588 0.187461204221 0.324022346369 1
0.452755905512 0.948818897638 0.691860465116 0.806201550388 0.108108108108 0.17750182615 0.137802607076 0.175046554935 1
0.397637795276 0.771653543307 0.391472868217 0.53488372093 0.294375456538 0.557341124909 0.137802607076 0.54748603352 1
0.224409448819 0.665354330709 0.554263565891 0.703488372093 0.232286340394 0.330898466034 0.317815021726 0.336436995655 1
0.267716535433 0.700787401575 0.509689922481 0.653100775194 0.17750182615 0.239590942294 0.274363749224 0.330229671012 1
0.224409448819 0.649606299213 0.556201550388 0.703488372093 0.228634039445 0.301680058437 0.280571073867 0.336436995655 1
0.236220472441 0.696850393701 0.515503875969 0.670542635659 0.214024835646 0.294375456538 0.280571073867 0.330229671012 1
0.192913385827 0.55905511811 0.492248062016 0.693798449612 0.192111029949 0.378378378378 0.497827436375 0.659217877095 1
0.236220472441 0.590551181102 0.75 0.848837209302 0.254200146092 0.323593864134 0.485412787089 0.559900682806 1
0.204724409449 0.637795275591 0.600775193798 0.734496124031 0.254200146092 0.287070854638 0.305400372439 0.336436995655 1
0.314960629921 0.708661417323 0.544573643411 0.682170542636 0.246895544193 0.261504747991 0.268156424581 0.317815021726 1
0.212598425197 0.732283464567 0.420542635659 0.604651162791 0.221329437546 0.235938641344 0.20608317815 0.243327126009 1
0.279527559055 0.645669291339 0.523255813953 0.653100775194 0.243243243243 0.385682980278 0.274363749224 0.535071384233 1
0.259842519685 0.641732283465 0.563953488372 0.695736434109 0.228634039445 0.294375456538 0.324022346369 0.379888268156 1
0.287401574803 0.744094488189 0.447674418605 0.618217054264 0.192111029949 0.195763330898 0.162631905649 0.224705152079 1
0.279527559055 0.665354330709 0.633720930233 0.751937984496 0.195763330898 0.27246165084 0.261949099938 0.317815021726 1
0.291338582677 0.708661417323 0.612403100775 0.736434108527 0.192111029949 0.254200146092 0.261949099938 0.311607697083 1
0.263779527559 0.641732283465 0.624031007752 0.740310077519 0.26880934989 0.338203067933 0.355058969584 0.398510242086 1
0.389763779528 0.799212598425 0.72480620155 0.866279069767 0.217677136596 0.36011687363 0.175046554935 0.336436995655 1
0.362204724409 0.870078740157 0.711240310078 0.868217054264 0.232286340394 0.323593864134 0.212290502793 0.268156424581 1
0.299212598425 0.661417322835 0.581395348837 0.701550387597 0.228634039445 0.27246165084 0.342644320298 0.361266294227 1
0.216535433071 0.610236220472 0.625968992248 0.753875968992 0.221329437546 0.254200146092 0.299193047796 0.36747361887 1
0.311023622047 0.744094488189 0.472868217054 0.625968992248 0.137326515705 0.239590942294 0.175046554935 0.224705152079 1
0.279527559055 0.736220472441 0.43992248062 0.608527131783 0.192111029949 0.210372534697 0.175046554935 0.20608317815 1
0.409448818898 0.874015748031 0.720930232558 0.87984496124 0.199415631848 0.298027757487 0.156424581006 0.255741775295 1
0.244094488189 0.649606299213 0.62984496124 0.75 0.224981738495 0.290723155588 0.255741775295 0.317815021726 1
0.346456692913 0.866141732283 0.515503875969 0.672480620155 0.115412710007 0.140978816654 0.20608317815 0.230912476723 1
0.291338582677 0.744094488189 0.593023255814 0.728682170543 0.199415631848 0.239590942294 0.299193047796 0.324022346369 1
0.244094488189 0.673228346457 0.5 0.645348837209 0.239590942294 0.26880934989 0.299193047796 0.417132216015 1
0.208661417323 0.610236220472 0.649224806202 0.769379844961 0.243243243243 0.290723155588 0.324022346369 0.392302917443 1
0.279527559055 0.685039370079 0.596899224806 0.726744186047 0.214024835646 0.298027757487 0.274363749224 0.292985723153 1
0.42125984252 0.88188976378 0.718992248062 0.837209302326 0.130021913806 0.210372534697 0.199875853507 0.330229671012 1
0.358267716535 0.759842519685 0.558139534884 0.687984496124 0.18480642805 0.228634039445 0.274363749224 0.330229671012 1
0.267716535433 0.712598425197 0.565891472868 0.701550387597 0.17750182615 0.265157048941 0.268156424581 0.299193047796 1
0.405511811024 0.826771653543 0.608527131783 0.736434108527 0.155588020453 0.159240321402 0.199875853507 0.28677839851 1
0.212598425197 0.594488188976 0.624031007752 0.744186046512 0.261504747991 0.345507669832 0.324022346369 0.410924891372 1
0.279527559055 0.594488188976 0.65503875969 0.763565891473 0.206720233747 0.290723155588 0.342644320298 0.423339540658 1
0.40157480315 0.826771653543 0.730620155039 0.858527131783 0.199415631848 0.279766252739 0.249534450652 0.274363749224 1
0.299212598425 0.720472440945 0.600775193798 0.732558139535 0.162892622352 0.287070854638 0.261949099938 0.336436995655 1
0.255905511811 0.681102362205 0.441860465116 0.622093023256 0.206720233747 0.305332359386 0.193668528864 0.299193047796 1
0.255905511811 0.712598425197 0.436046511628 0.604651162791 0.214024835646 0.261504747991 0.261949099938 0.317815021726 1
0.251968503937 0.661417322835 0.618217054264 0.746124031008 0.232286340394 0.308984660336 0.280571073867 0.336436995655 1
0.200787401575 0.771653543307 0.391472868217 0.670542635659 0.327246165084 0.36742147553 0.392302917443 0.504034761018 1
0.216535433071 0.625984251969 0.587209302326 0.722868217054 0.235938641344 0.36011687363 0.305400372439 0.355058969584 1
0.263779527559 0.736220472441 0.484496124031 0.660852713178 0.206720233747 0.224981738495 0.324022346369 0.36747361887 1
0.279527559055 0.732283464567 0.563953488372 0.713178294574 0.166544923302 0.312636961286 0.175046554935 0.324022346369 1
0.334645669291 0.732283464567 0.705426356589 0.897286821705 0.334550766983 0.568298027757 0.243327126009 0.44816883923 1
0.267716535433 0.661417322835 0.593023255814 0.71511627907 0.210372534697 0.301680058437 0.324022346369 0.355058969584 1
0.338582677165 0.55905511811 0.546511627907 0.691860465116 0.36011687363 0.553688823959 0.230912476723 0.777157045313 1
0.456692913386 0.885826771654 0.65503875969 0.77519379845 0.126369612856 0.130021913806 0.144009931719 0.261949099938 1
0.188976377953 0.625984251969 0.53488372093 0.686046511628 0.232286340394 0.27611395179 0.255741775295 0.336436995655 1
0.295275590551 0.732283464567 0.627906976744 0.753875968992 0.203067932798 0.261504747991 0.237119801366 0.330229671012 1
0.125984251969 0.594488188976 0.699612403101 0.864341085271 0.232286340394 0.308984660336 0.218497827436 0.317815021726 1
0.185039370079 0.736220472441 0.732558139535 0.881782945736 0.221329437546 0.287070854638 0.342644320298 0.373680943513 1
0.212598425197 0.692913385827 0.744186046512 0.860465116279 0.246895544193 0.330898466034 0.237119801366 0.373680943513 1
0.204724409449 0.59842519685 0.746124031008 0.843023255814 0.17750182615 0.221329437546 0.28677839851 0.336436995655 1
0.181102362205 0.759842519685 0.602713178295 0.786821705426 0.0602629656684 0.177136596056 0.15270018622 0.279329608939 1
0.299212598425 0.838582677165 0.709302325581 0.893410852713 0.00766983199416 0.0613586559533 0.0757293606456 0.292364990689 1
0.326771653543 0.696850393701 0.703488372093 0.812015503876 0.247626004383 0.316289262235 0.212911235258 0.313469894475 1
0.582677165354 0.944881889764 0.68023255814 0.893410852713 0.254200146092 0.659605551497 0.032278088144 0.299193047796 1
0.464566929134 0.814960629921 0.461240310078 0.666666666667 0.305332359386 0.670562454346 0.0571073867163 0.317815021726 1
0.547244094488 0.759842519685 0.713178294574 0.84496124031 0.301680058437 0.626734842951 0.119180633147 0.379888268156 1
0.44094488189 0.822834645669 0.385658914729 0.610465116279 0.279766252739 0.553688823959 0.0446927374302 0.373680943513 1
0.129921259843 0.602362204724 0.666666666667 0.996124031008 0.258948137327 0.442658875091 0.00558659217877 0.356921166977 1
0.535433070866 0.874015748031 0.540697674419 0.761627906977 0.312636961286 0.604821037253 0.100558659218 0.472998137803 1
0.625984251969 0.94094488189 0.713178294574 0.893410852713 0.243243243243 0.670562454346 0.0571073867163 0.255741775295 1
0.547244094488 0.858267716535 0.65503875969 0.846899224806 0.324689554419 1.0 0.211669770329 0.617008069522 1
0.948818897638 0.236220472441 0.976744186047 0.703488372093 0.00146092037984 0.00840029218408 0.0 0.162011173184 1
0.866141732283 0.291338582677 0.968992248062 0.738372093023 0.0073046018992 0.0215485756026 0.0211049037865 0.173805090006 1
0.413385826772 0.712598425197 0.726744186047 0.850775193798 0.165814463112 0.447041636231 0.64121663563 0.83426443203 1
0.425196850394 0.90157480315 0.647286821705 0.837209302326 0.0934989043097 0.206720233747 0.168839230292 0.361266294227 1
0.259842519685 0.795275590551 0.436046511628 0.618217054264 0.115412710007 0.188458728999 0.12538795779 0.181253879578 1
0.228346456693 0.755905511811 0.265503875969 0.544573643411 0.203067932798 0.311176040906 0.0297951582868 0.248292985723 1
0.917322834646 0.330708661417 0.839147286822 0.645348837209 0.0 0.0255661066472 0.00124146492862 0.0415890751086 1
