1.67 2.17 1.33 2.17 1.67 2 1.83 2 1 1.17 1 1.17 0.83 1 0.83 1 1 1.17 0
1.83 2.17 1.5 2.17 1.5 1.67 1.67 1.83 0.83 1 0.83 1 0.83 1 0.83 1 0.83 1.33 1
1.5 1.5 1.17 1.5 0.5 1.17 1.17 1.33 1.33 1.5 0.33 0.67 0.5 1 0.83 1.17 0.83 1.17 1
1.83 2 1.33 1.67 0.67 1.33 1.33 1.67 1.5 1.67 0.5 0.83 0.83 1.17 1 1.17 1 1.33 0
0.5 0.67 0.33 1 0.17 0.5 0.17 0.33 0.17 0.5 0.17 0.67 0.17 0.5 0.17 0.5 0.33 0.67 1
6.67 7 6.33 7.17 6.33 6.67 6.5 6.67 6.33 6.5 6.33 6.5 6.5 6.5 6.5 6.5 6.33 6.5 1
1.83 2.5 1 1.17 0.83 1.17 0.83 0.83 0.67 0.83 0.67 0.83 0.83 1 0.67 1 1 1.33 1
2.17 2.33 1.67 2.5 0.83 1.5 1.67 1.83 1.67 1.83 1 1 0.67 1 0.83 1 1.17 1.33 0
1.67 2.33 1.5 2.17 0.33 1 1.17 1.17 1.33 1.5 0.33 0.5 0.17 0.5 0.33 0.5 0.67 0.83 0
1.67 2 1.17 2 0.5 1.33 1.17 1.5 1.17 1.5 0.33 0.5 0.33 0.33 0.33 0.5 0.5 1 1
1.67 2 1.17 1.83 0.33 1 1.17 1.83 1.33 1.83 0.33 0.5 0.17 0.33 0.33 0.33 0.5 0.83 1
0.5 1 0.83 1.33 0.83 1.5 0.67 0.83 0.67 1 0.67 0.83 0.67 1 0.67 0.83 1 1.33 1
2 2.67 1.67 2.83 1 1.67 1.67 1.83 1.83 2.17 0.83 1 1 1.17 1 1 1.33 1.67 1
1.5 2 1 1.83 0.33 1.33 1 1.5 1.17 1.33 0.17 0.5 0.17 0.67 0.17 0.33 0.5 0.83 1
1.83 3 1.33 2.33 0.5 1.17 1.33 1.5 1.33 1.5 0.67 0.67 0.67 1 0.5 0.83 0.67 1 0
2 2.5 1.83 2.83 1.33 2 1.67 2 1.83 2 1 1.17 1 1.17 1 1.33 1.33 1.67 0
1.67 1.83 1 2.33 0.33 0.83 1 1.17 1.17 1.33 0.17 0.33 0.17 0.33 0.17 0.33 0.5 0.67 1
0.83 1.5 1.5 1.83 1.17 1.5 0.33 0.67 0.33 0.33 0.33 0.5 0.33 0.5 0.33 0.67 0.67 1.17 1
1.33 1.5 1.33 1.83 0.83 1.5 0.83 1 1 1.17 1.17 1.5 1.17 1.17 0.83 1.17 1 1.5 0
0.67 1.33 0.33 1 0.33 0.5 0.33 0.5 0.33 0.67 0.33 0.5 0.5 0.5 0.5 0.67 0.5 1 0
0.5 1 0.33 1 0.33 0.33 0.17 0.33 0.33 0.33 0.17 0.33 0.17 0.5 0.33 0.5 0.5 0.83 1
0.5 1 0.33 1 0.17 0.33 0.17 0.33 0.17 0.33 0.17 0.33 0.17 0.33 0.17 0.33 0.33 0.83 1
1.17 1.67 1.17 1.67 1.83 2 1.67 1.83 0.67 1.67 1.5 1.83 1.33 1.83 1 1.17 1.33 1.67 1
0.33 1 0.67 1 0.33 0.5 0.33 0.5 0.33 0.5 0.33 0.5 0.33 0.5 0.33 0.5 0.5 0.83 1
0.5 1.17 0.33 1.17 0.33 0.5 0.33 0.5 0.33 0.5 0.33 0.33 0.33 0.5 0.33 0.5 0.5 1 1
0.67 1.33 0.5 1.17 0.5 0.83 0.5 0.5 0.33 0.67 0.5 0.5 0.5 0.67 0.5 0.67 0.83 1 0
0.33 1 0.33 1 0.33 0.33 0.33 0.5 0.33 0.33 0.33 0.5 0.33 0.5 0.33 0.5 0.5 0.83 0
0.33 1 0.5 1.17 0.33 0.33 0.33 0.33 0.33 0.33 0.33 0.5 0.33 0.33 0.33 0.33 0.5 0.83 1
0.33 0.83 0.33 1 0.33 0.33 0.17 0.33 0.17 0.33 0.17 0.17 0.17 0.33 0.17 0.33 0.33 0.67 1
0.5 1 0.33 1.17 0.33 0.67 0.33 0.67 0.33 0.5 0.33 0.5 0.33 0.67 0.33 0.67 0.67 0.83 1
0.83 1 0.33 1 0.33 0.33 0.33 0.33 0.33 0.33 0.17 0.33 0.33 0.5 0.33 0.5 0.5 0.83 1
0.5 1.17 0.5 1 0.5 0.67 0.33 0.5 0.33 0.5 0.33 0.5 0.33 0.5 0.33 0.5 0.5 0.83 1
0.33 1.17 0.5 1 0.33 0.5 0.5 0.83 0.33 0.5 0.5 0.5 0.33 0.5 0.33 0.5 0.67 0.83 0
0.5 1.5 0.5 1.33 0.5 0.67 0.33 0.5 0.33 0.5 0.33 0.5 0.33 0.5 0.33 0.5 0.5 0.83 0
0.17 1 0.33 1.17 0.17 0.33 0.17 0.33 0.17 0.33 0.17 0.33 0.17 0.17 0.17 0.33 0.33 0.67 1
0.33 0.5 0.17 0.33 0.17 0.33 0.17 0.33 0.17 0.33 0.17 0.33 0.17 0.33 0.17 0.33 0.33 0.83 1
0.17 0.33 0.17 0.17 0.17 0.33 0.17 0.17 0.17 0.33 0.17 0.33 0.17 0.33 0.17 0.17 0.33 0.67 1
0.17 0.33 0.33 0.5 0.33 0.5 0.17 0.33 0.17 0.33 0.17 0.33 0.33 0.33 0.33 0.5 0.5 0.83 1
0.17 0.33 0.17 0.33 0.17 0.33 0.17 0.17 0.17 0.33 0.17 0.33 0.17 0.33 0.17 0.33 0.5 0.83 0
0.17 0.33 0.17 0.33 0.17 0.33 0.17 0.33 0.17 0.17 0.17 0.17 0.17 0.33 0.67 1 0.5 0.67 1
0.33 0.33 0.17 0.67 0.33 0.5 0.17 0.17 0.17 0.33 0.17 0.33 0.17 0.33 0.17 0.33 0.33 0.67 1
0.5 0.5 0.33 0.5 0.17 0.5 0.33 1 0.17 0.33 0.33 0.33 0.33 0.33 0.33 0.5 0.5 0.83 1
0.67 0.67 0.5 0.5 0.5 0.67 0.5 0.5 0.5 0.67 0.5 0.5 0.5 0.67 0.5 0.5 0.67 1 1
0.5 0.5 0.33 0.5 0.5 0.67 0.33 0.5 0.33 1.5 0.33 0.67 0.5 0.5 0.5 0.5 0.5 1 1
0.5 0.67 0.5 0.67 0.5 0.67 0.5 0.67 0.5 0.5 0.5 0.83 0.5 0.5 0.5 0.67 0.67 1 0
0.67 0.83 0.5 1.67 0.5 0.67 0.67 1 0.5 0.67 0.5 0.67 0.5 0.67 0.5 0.83 0.83 1 0
0.67 0.83 0.5 0.67 0.67 0.67 0.5 0.67 0.5 0.67 0.5 0.67 0.5 0.67 0.5 0.67 0.83 1 1
0.67 1.17 0.67 1.17 0.5 0.67 0.5 0.67 0.5 0.67 0.5 0.5 0.5 0.67 0.5 0.5 0.67 1.17 1
0.67 1.67 0.67 1.33 0.83 1 0.5 0.67 0.5 0.67 0.5 0.67 0.5 0.67 0.5 1 0.83 1.17 1
0.67 1.67 1.17 1.83 1 1.17 1 1.33 1 1.17 1 1.33 1.17 1.33 1.17 1.33 1.5 2 1
0.67 1.67 0.67 1.33 0.67 0.67 0.5 0.5 0.5 0.67 0.5 0.67 0.5 0.67 0.5 0.83 0.67 1.17 1
0.67 1.33 0.83 1.33 0.33 0.67 0.33 0.67 0.33 0.67 0.33 0.67 0.5 0.5 0.5 0.83 0.67 1.17 0
0.67 1.17 0.67 1 0.5 0.67 0.5 0.5 0.5 0.67 0.33 0.5 0.67 0.67 0.5 0.5 0.83 1 0
0.5 1.17 0.5 1 0.33 0.5 0.33 0.5 0.33 0.5 0.33 0.5 0.33 0.5 0.33 0.5 0.5 0.83 1
0.67 1.17 0.5 1.17 0.33 0.5 0.33 0.67 0.33 0.5 0.33 0.5 0.33 0.5 0.33 0.5 0.67 1 1
0.5 1.33 0.5 1.33 0.67 0.67 0.5 0.67 0.5 0.67 0.5 0.67 0.5 1 0.5 0.67 0.83 1 1
0.83 1.5 1.33 1.83 0.67 1 0.5 0.83 0.5 0.67 0.5 0.83 0.83 1 0.5 0.67 1 1.67 1
0.83 1.17 0.67 1.33 0.5 0.83 0.5 0.67 0.5 0.83 0.5 0.83 0.5 0.67 0.67 0.67 0.83 1.17 1
0.67 1.17 0.5 1.17 0.5 0.5 0.5 0.5 0.5 0.5 0.5 0.5 0.5 0.67 0.5 0.5 1 1 0
0.67 1.17 0.5 1.17 0.33 0.5 0.33 0.5 0.5 0.5 0.33 0.5 0.5 0.5 0.5 0.5 0.67 1 0
0.67 1.33 0.5 1.33 0.5 0.67 0.5 0.67 0.5 0.67 0.5 0.67 0.5 0.67 0.5 0.67 0.83 1 1
0.67 1.33 0.5 1.17 0.67 0.83 0.5 0.67 0.5 0.67 0.5 0.67 0.5 0.67 0.5 0.67 0.83 1.17 1
0.83 1.67 0.83 1.33 0.67 1 0.83 0.83 0.67 1.17 0.83 1 0.67 1 0.83 1 1.17 1.17 1
0.5 1.67 0.67 1.17 0.33 0.5 0.33 0.67 0.67 0.83 0.5 0.67 0.33 0.83 0.5 0.5 0.83 1 1
0.5 1.33 0.5 1.5 0.5 0.83 0.5 0.5 0.5 0.67 0.5 0.5 0.33 0.83 0.5 0.67 0.83 1 1
1 1.5 0.83 1.5 0.83 1.17 0.83 1 0.83 1 0.83 1 0.83 1 1 1 1 1.33 0
0.83 1.17 0.5 1.33 0.33 0.67 0.33 0.5 0.33 0.67 0.33 0.67 0.5 0.5 0.33 0.67 0.67 1 0
0.5 1 0.5 1.17 0.5 0.5 0.33 0.5 0.33 0.5 0.5 0.67 0.5 0.5 0.33 0.5 0.67 0.83 1
0.67 1.17 0.5 1.17 0.5 0.67 0.5 0.67 0.5 0.67 0.5 0.67 0.5 0.67 0.5 0.67 0.67 1 1
0.67 1.5 0.67 1.33 0.5 1 0.5 0.83 0.67 1 0.5 1 0.67 0.83 0.5 0.67 0.83 1.33 1
0.5 0.83 0.5 0.67 0.5 0.83 0.33 0.83 0.33 0.67 0.5 0.5 0.5 0.83 0.5 0.83 0.67 1 1
0.83 0.83 0.83 1.17 0.83 0.83 0.83 1 0.67 0.83 0.67 1 0.67 0.83 0.83 1 1 1.33 0
0.83 0.83 0.83 1 0.83 1 1 1.17 0.67 1.33 0.67 1 0.67 1 0.67 0.83 1 1.33 0
0.5 0.67 0.5 0.67 0.5 0.5 0.5 0.5 0.5 0.5 0.33 0.5 0.33 0.5 0.5 0.5 0.67 1 1
0.5 0.5 0.5 0.5 0.5 0.5 0.5 0.5 0.33 0.5 0.33 0.5 0.5 0.5 0.33 0.5 0.67 1 1
1.33 1.5 1.17 1.33 1.17 1.5 1.17 1.33 1.33 1.33 1.17 1.33 1.17 1.5 1.17 1.33 1.5 1.67 1
0.67 1 0.67 0.67 0.67 1 0.67 0.83 0.67 0.83 0.67 0.83 0.67 1 0.67 0.83 0.83 1.17 1
0.5 0.67 0.33 0.5 0.33 0.67 0.33 0.5 0.33 0.67 0.33 0.5 0.5 0.5 0.33 0.67 0.67 0.83 1
0.5 0.67 0.33 0.67 0.33 0.5 0.33 0.67 0.33 0.67 0.5 0.5 0.33 0.67 0.33 0.67 0.5 0.83 0
0.5 0.67 0.5 0.83 0.5 0.67 0.5 0.67 0.5 0.5 0.5 0.67 0.5 0.67 0.67 0.83 0.67 1.33 0
0.33 0.5 0.33 0.5 0.33 0.5 0.33 0.33 0.33 0.33 0.33 0.5 0.33 0.5 0.33 0.33 0.5 0.83 1
0.33 0.5 0.33 0.5 0.33 0.33 0.33 0.5 0.33 0.33 0.33 0.5 0.33 0.5 0.33 0.5 0.5 0.83 1
0.5 0.83 0.33 0.83 0.5 0.83 0.33 0.5 0.5 0.67 0.5 0.67 0.33 0.5 0.5 0.67 0.67 1 1
0.5 0.67 0.5 1 0.33 0.5 0.33 0.5 0.33 0.5 0.33 0.67 0.33 0.5 0.5 0.67 0.5 1.83 1
0.67 0.83 0.67 0.83 0.5 1 0.5 0.67 0.67 0.67 0.67 0.83 0.67 0.83 0.67 0.83 0.83 1.17 1
0.5 0.67 0.33 0.5 0.5 0.5 0.33 0.67 0.33 0.67 0.33 0.5 0.33 0.67 0.33 0.5 0.67 1 0
0.83 1.17 1 1.17 1 1.17 0.67 0.83 0.83 1 0.67 0.83 0.67 1 0.83 1 1 1.33 0
0.5 0.67 0.5 0.67 0.5 0.67 0.5 0.5 0.5 0.5 0.5 0.83 0.5 0.5 0.5 0.5 0.67 0.83 1
0.83 0.83 0.83 0.83 0.67 0.83 0.83 0.83 0.67 0.83 0.67 0.83 0.67 0.83 0.67 1 1 1.17 1
0.5 0.67 0.5 0.5 0.5 0.67 0.33 0.5 0.5 1.33 0.33 0.5 0.5 0.67 0.33 0.5 0.83 1 1
0.67 1.17 0.67 1 0.83 1 0.67 0.67 0.67 0.67 0.67 0.83 0.67 0.83 0.67 0.83 1 1.5 1
0.5 0.67 0.33 0.67 0.33 0.5 0.33 0.67 0.33 0.33 0.33 0.67 0.33 0.5 0.33 0.67 0.67 0.83 1
0.83 0.83 0.67 1 0.67 0.83 0.67 1.17 0.67 0.83 0.67 0.83 0.67 1.17 0.67 0.83 1 1.17 0
0.5 0.5 0.5 0.83 0.33 0.5 0.33 0.5 0.33 0.67 0.5 0.5 0.5 0.67 0.5 0.67 0.83 1.33 0
0.83 0.83 0.83 1 0.67 0.83 0.67 0.83 0.67 0.83 0.67 0.83 0.67 0.83 0.67 0.83 0.83 1.17 1
0.33 0.5 0.33 0.5 0.33 0.5 0.33 0.5 0.33 0.5 0.33 0.5 0.33 0.5 0.33 0.5 0.5 0.83 1
1.17 1.17 1.5 1.5 1.17 1.33 1.17 1.17 1 1.33 1.17 1.17 1.17 1.33 1.17 1.33 1.33 1.83 1
0.83 0.83 0.67 1 0.83 0.83 0.67 0.83 0.83 0.83 0.67 0.83 0.67 1.17 0.83 0.83 1 1.33 1
0.67 1.17 0.67 0.83 0.67 0.83 0.67 1.67 0.83 1.17 1 1 0.83 1.33 0.83 0.83 1 1.17 1
0.83 1.17 1 1.17 1.33 3.67 1 4.17 3.17 4 1.33 3.67 0.83 0.83 0.83 1 0.67 1 0
1 1 0.83 1 0.83 1 0.83 1 0.83 0.83 0.83 1 0.83 1 0.83 1 0.83 0.83 0
0.5 0.67 0.5 0.67 0.67 0.67 0.5 0.67 0.5 0.67 0.5 0.67 0.5 0.5 0.5 0.67 0.5 0.67 1
0.5 0.67 0.67 0.67 0.5 0.67 0.5 0.67 0.5 0.67 0.5 0.67 0.5 0.67 0.5 0.67 0.5 0.67 1
0.67 0.83 0.83 0.83 0.83 1 0.5 0.67 0.5 0.83 0.67 0.67 0.67 0.83 0.67 0.67 0.67 1.33 1
0.83 1 0.67 0.83 0.83 1 0.67 1 0.67 0.83 0.67 1 0.67 0.83 0.67 1 1 1.33 1
1 1.17 0.83 1.17 0.83 1 0.83 1.17 0.67 0.83 0.67 1 0.83 0.83 0.83 1 0.83 1.33 1
1 1.17 1 1.17 1 1.17 0.83 1.33 0.83 1 1 1.33 0.83 1 1 1.17 1.17 1.33 0
1.17 1.5 1 1.33 1 1.5 1 1.17 1.17 1.17 1 1.17 1.17 1.33 1 1.17 1.5 1.67 0
1.17 1.33 1.17 1.17 1.17 1.33 1 1.17 1 1.17 1 1.17 1 1.17 1 1.17 1.17 1.5 1
1.17 1.33 1.17 1.33 1.17 1.17 1.17 1.17 1.17 1.17 1 1.17 0.83 1 1 1 1.17 1.33 1
1.17 1.33 1.17 1.33 1 1.67 1.17 1.17 1 1.33 1 1.17 1 1.17 1.17 1.33 1.17 1.5 1
0.83 0.83 0.83 1 0.83 0.83 0.83 0.83 0.83 1.33 0.83 1 0.83 1.5 1.33 1.83 1.83 2 1
1 1 1 1.33 0.83 1.17 1 1.17 0.83 1.17 0.83 1 1.33 1.33 1.33 1.83 1.83 2 1
0.67 0.67 0.67 0.83 0.5 1 0.5 0.67 0.5 0.67 0.5 0.83 0.67 1 1 1.83 1.5 1.5 0
0.5 0.83 0.33 1 0.5 1 0.33 0.67 0.33 0.5 0.33 0.5 0.83 1 0.83 1.5 1.33 1.67 0
0.5 0.83 0.33 0.5 0.33 0.5 0.33 0.67 0.33 0.5 0.33 0.5 0.5 0.83 0.67 1.33 1.33 1.5 1
0.33 0.5 0.33 0.5 0.33 0.5 0.33 0.5 0.33 0.33 0.33 0.33 0.5 0.83 0.67 0.83 0.67 0.83 1
0.83 1.17 0.83 1 0.83 1.17 0.83 1.17 1 1.17 1 1 1.17 1.33 1.33 1.83 1.83 2 1
0.67 0.83 0.67 0.83 0.67 0.83 0.5 0.67 0.67 0.67 0.5 0.83 0.83 1 1 1.5 1.5 1.5 1
0.67 1 0.67 0.83 0.67 0.83 0.83 1 0.67 0.83 0.67 1 1 1.17 1.17 1.67 1.67 2 1
0.5 0.83 0.67 0.67 0.5 0.67 0.5 0.5 0.67 0.67 0.5 0.5 0.83 1 1.17 1.5 1.5 1.5 0
0.67 0.83 0.67 1.5 0.67 0.67 0.67 1 0.67 0.83 0.67 0.67 1 1.17 1.17 1.67 1.5 1.83 0
0.67 0.83 0.67 0.67 0.5 0.67 0.5 0.67 0.5 0.67 0.5 0.67 0.83 1 0.83 1.67 1.5 1.67 1
0.67 0.67 0.5 0.67 0.5 0.67 0.5 0.67 0.5 0.67 0.5 0.67 0.83 1.17 1 1.17 1 1.17 1
0.67 2 0.33 0.83 0.33 0.5 0.5 0.67 0.33 0.67 0.5 0.83 0.67 1 0.83 1.5 1.5 1.67 1
0.5 0.83 0.5 0.67 0.5 0.67 0.33 0.67 0.67 1.33 0.5 0.83 0.67 1 0.83 1.5 1.5 1.67 1
0.67 0.83 0.83 0.83 0.67 0.67 0.5 0.83 1 1.5 0.67 0.67 0.83 1.17 1 1.5 1.67 1.83 1
0.83 1 0.67 0.83 0.67 1 0.67 1.17 0.83 1.83 0.67 0.83 1 1.17 1.17 1.67 1.67 1.83 0
0.67 0.83 0.5 0.83 0.5 1 0.5 0.67 0.5 1.5 0.5 0.67 0.67 1.17 1 1.67 1.5 1.67 0
0.33 0.5 0.33 0.5 0.33 0.5 0.33 0.67 0.33 1.33 0.33 0.5 0.67 0.83 0.83 1.5 1.33 1.5 1
0.5 0.67 0.5 0.5 0.33 0.5 0.5 0.5 0.33 1.17 0.33 0.5 0.83 0.83 0.83 0.83 0.83 0.83 1
1.17 1.17 1.33 1.5 1 1.17 1 1.33 1.17 2 1 1.17 1.33 1.83 1.33 2 2 2.17 1
1.17 1.33 1 1.33 1 1.17 1 1.17 1.33 2.17 1 1.17 1.33 1.5 1.5 2.17 2 2.17 1
1.17 1.83 1 1.17 1 1.17 1 1.83 1.17 1.83 1 1.17 1.17 1.67 1.5 2.17 2 2.5 1
0.83 0.83 0.5 0.83 0.5 0.67 0.5 1 0.67 1.33 0.67 1 0.67 1.33 0.83 1.5 1.5 1.67 0
0.67 1 0.83 1 0.67 1 0.67 1 1 1.5 0.67 0.83 0.83 1.17 1 1.67 1.67 1.83 0
0.67 0.83 0.5 0.83 0.5 0.67 0.67 0.67 0.5 1.33 0.5 0.67 0.83 1 1.17 1.5 1.5 1.67 1
0.67 0.83 0.5 0.67 0.5 0.67 0.5 0.67 0.67 1.5 0.5 0.67 0.67 1.17 1 1.17 0.83 1 1
0.83 1 0.83 1 0.67 0.83 0.67 1 0.67 1.5 0.67 0.67 1 1.17 1 1.5 1.5 1.83 1
0.83 0.83 0.67 1 0.83 1 0.67 0.83 0.67 1.5 0.67 1 1 1.17 1.17 1.67 1.67 2 1
1 1.17 1 1.33 0.83 1.17 0.83 1 1.17 1.67 0.83 1 1.17 1.5 1.17 1.83 1.83 2 1
1 1.17 0.83 1 1 1 0.83 1.17 1.17 1.67 0.83 1 1 1.5 0.83 1.5 1.5 1.5 0
0.83 1 1 1.17 0.83 1.33 0.83 1.17 1 1.67 0.83 1.17 0.83 1.33 1 1.5 1.5 1.5 0
0.83 1 1 1 0.83 1 0.83 0.83 0.83 1.67 0.83 1 1 1.33 0.83 1.67 1.5 1.5 1
0.83 1 0.83 1 1 1 1 1.17 1 1.83 0.83 1 0.83 1.33 0.83 1 0.83 0.83 1
0.83 1.17 0.83 1 0.83 1 0.83 1 0.83 1.67 0.83 0.83 0.83 1.17 1 1.5 1.5 1.5 1
1.33 1.33 1.17 3 1.33 1.5 1.33 1.33 1.17 2.17 1.33 1.5 1.33 1.67 1.33 2 1.83 2.17 1
1.17 1.33 1.17 1.33 1.17 1.33 1.17 1.5 1.17 2 1.17 1.83 1.17 1.5 1.33 1.83 1.67 1.83 1
1 1.33 1 1.17 1 1.33 1 1.17 1 1.83 1 1.33 1.17 1.5 1.17 1.67 1.67 2 0
0.83 0.83 0.83 0.83 0.83 1.17 0.83 0.83 0.83 1.67 0.83 1 0.83 1.17 0.83 1.67 1.33 1.5 0
0.83 1 0.83 1 0.83 0.83 0.83 1 0.83 1.5 0.67 0.83 0.83 1.17 0.83 1.33 1.33 1.5 1
0.83 0.83 0.83 0.83 0.67 0.83 0.67 0.83 0.67 1.67 0.67 0.83 0.67 1 0.67 0.83 0.67 0.83 1
0.83 1.33 1 1 0.83 1.17 0.83 1 0.83 1.83 0.83 1 1 1.33 1 1.5 1.5 1.83 1
1.17 1.33 0.83 1 0.83 1 0.83 1 1 4.17 4.83 5.17 1 5.17 1 1.83 1.5 1.67 1
1 1.33 1 1.17 1 1.17 1 1.17 0.83 1.83 1 1.17 1 1.33 1 1.67 1.5 1.67 1
1.17 1.5 1 1.17 1 1.17 1 1.17 1 1.83 0.83 1.17 1 1.33 1.17 1.5 1.5 1.67 0
1.33 1.67 1.33 1.5 1.17 1.33 1.17 1.33 1.5 2 1.17 1.17 1.17 1.67 1.17 1.67 1.83 2 0
1 1.17 1 1.17 1 1.17 1 1.17 1 1.83 1 1 1 1.33 1 1.67 1.67 1.67 1
1 1.17 1 1.17 1 1.17 1 1.17 1 1.83 1 1 1 1.33 1 1.17 1 1.17 1
1.17 1.33 1.17 1.17 1 1.33 1.17 1.17 1.17 1.83 1 1.17 1.17 1.5 1 1.67 1.67 1.83 1
1.33 1.33 1.17 1.33 1.17 1.17 1.17 1.17 1 2 1 1.17 1.17 1.5 1.17 1.83 1.67 1.83 1
0.83 1 1 1.17 0.83 1 0.83 1 1 1.67 0.83 1 0.83 1.33 1 1.5 1.5 1.5 1
0.83 1 1 1 0.83 1 1 1 1 1.67 0.83 0.83 0.83 1.17 1 1.5 1.5 1.5 0
0.83 1 0.83 1 0.83 1 0.83 1 0.83 1.67 0.83 1 1 1.17 0.83 1.5 1.5 1.5 0
0.83 1 0.83 1 1 1 0.83 1 1 1.83 0.83 1 1 1.17 0.83 1.5 1.5 1.5 1
1 1 1 1.17 0.83 1 0.83 1 1 1.67 0.83 1 1 1.17 0.83 1 0.83 1.17 1
0.83 1 1 1 0.83 0.83 0.83 1 0.83 1 0.83 1 1 1.17 0.83 1.5 1.5 1.83 1
1.17 1.17 0.83 1 0.83 1 0.83 1 0.83 1 0.83 1 1 1.17 0.83 1.5 1.5 1.83 1
1.17 1.5 1.17 1.33 1.17 1.33 1.33 1.33 1.17 1.17 1.17 1.33 1.17 1.67 1.17 2 1.83 2.17 1
1.17 1.33 1.17 1.33 1 1.33 1 1.17 1 1.17 1.17 1.17 1 1.5 1.17 1.67 1.67 2.17 0
1 1.17 0.83 1 1 1 0.83 1.17 0.83 1 0.83 1 1 1.33 0.83 1.5 1.5 1.83 0
0.83 1 0.83 1.17 1 1 1 1 0.83 1 0.83 1 1 1.17 1 1.5 1.5 1.83 1
0.83 1 1 1 1 1 1 1 0.83 1 0.83 1 1 1.17 0.83 1 0.83 1.33 1
1 1 1 1 1 1 0.83 1.17 0.83 1 0.83 1 0.83 1.33 1 1.5 1.5 1.83 1
0.83 1 1 1 1 1 0.83 1 1 1 0.83 1 1 1.33 0.83 1.5 1.5 2 1
1.17 1.33 1.17 1.33 1 1.17 1 1.17 1.5 1.5 1 1 1.17 1.5 1.33 1.67 1.67 2 1
1.17 1.67 1.17 1.17 1.17 1.17 1.17 1.33 1.5 1.67 1.17 1.17 1.17 1.5 1.17 1.67 2 2.17 0
1.5 1.83 1.67 2.17 1.67 1.83 1.5 2 2 2.17 1.5 1.83 1.67 1.83 1.5 2 2.17 2.83 0
1.33 1.5 1.5 1.5 1.33 1.5 1.33 1.5 1.67 1.83 1.33 1.5 1.33 1.67 1.33 1.83 2 2.33 1
1.33 1.5 1.33 1.5 1.33 1.5 1.33 1.5 1.67 1.83 1.33 1.33 1.33 1.67 1.33 1.33 1.33 1.67 1
1.5 2.17 1.83 2.5 1.83 2.67 1.5 1.67 1.67 2.33 1.5 1.67 1.83 2 1.5 2.17 2.33 2.5 1
1.33 1.67 1.17 1.5 1.17 1.33 1.17 1.33 1.5 1.67 1.17 1.5 1.17 1.5 1.5 1.83 1.67 2.17 1
1.5 1.83 1.5 1.67 1.5 1.5 1.5 1.67 1.67 2 1.5 1.67 1.33 1.83 1.5 2 2 2.5 1
1.33 1.67 1.33 1.5 1.33 1.5 1.33 1.33 1.5 2 1.33 1.33 1.5 1.67 1.33 2 2.17 2.17 0
1.17 1.33 1.17 1.33 1.17 1.33 1.17 1.17 1.33 1.67 1.17 1.33 1.17 1.67 1.33 1.67 1.83 2 0
1 1.17 1.17 1.17 1 1.17 1.17 1.33 1.33 1.67 1 1.17 1.17 1.33 1 1.67 1.5 2 1
1.17 1.17 1 1.17 1 1.17 1 1.17 1.17 1.67 1 1.17 1.17 1.33 1 1.17 1.33 1.33 1
1.33 1.5 1.33 1.67 1.33 1.33 1.33 1.5 1.83 1.83 1.33 1.33 1.5 1.83 1.33 2 2 2.33 1
1.17 1.5 1.33 1.33 1.17 1.33 1.33 1.5 1.33 2 1.33 1.67 1.33 1.83 1.5 2 2.17 2.33 1
1.5 1.5 1.5 1.5 1.33 1.5 1.33 1.67 1.67 2 1.5 1.5 1.5 1.67 1.5 2 2 2.33 1
1.33 1.67 1.5 1.67 1.5 1.5 1.33 1.5 1.83 2 1.17 1.33 1.17 1.83 1.33 1.83 1.83 2.33 0
1.33 1.83 1.33 1.5 1.33 1.5 1.5 1.5 1.5 2 1.33 1.67 1.5 1.67 1.33 2 1.83 2.33 0
1.67 1.83 1.5 1.67 1.67 1.67 1.5 1.67 1.67 2.17 1.5 1.67 1.67 1.83 1.67 2.17 2.17 2.33 1
1.67 1.67 1.67 1.83 1.5 1.67 1.5 1.67 1.67 2.17 1.5 1.67 1.67 1.83 1.5 1.67 1.5 2 1
1.33 1.33 1.33 1.5 1.33 1.33 1.17 1.67 1.33 2 1.17 1.33 1.33 1.67 1.17 1.67 2 2.17 1
1.17 1.33 1.17 1.33 1.17 1.33 1.17 1.5 1.5 1.67 1.17 1.17 1.33 1.67 1.17 1.83 1.83 2.33 1
1.83 2.17 1.83 2 1.83 1.83 1.83 2 1.83 2.5 1.83 2 2 2.17 1.83 2.67 2.33 2.83 1
1.33 1.67 1.33 1.67 1.33 1.67 1.33 1.33 1.67 2.17 1.33 1.33 1.5 1.83 1.33 2 2.17 2.33 0
1.5 1.67 1.5 2 1.33 1.67 1.5 1.83 1.67 2 1.5 1.5 1.67 1.83 1.5 2 2 2.33 0
1.33 1.67 1.5 1.67 1.33 1.5 1.33 1.5 1.5 2 1.33 1.5 1.5 1.67 1.5 2 2 2.33 1
1.5 1.5 1.33 1.5 1.33 1.5 1.33 1.5 1.5 2 1.33 1.5 1.33 1.67 1.33 1.5 1.5 1.67 1
1.33 1.5 1.17 1.33 1.17 1.5 1.17 1.33 1.33 1.83 1.17 1.33 1.33 1.5 1.17 1.67 2 2.17 1
1.5 1.83 1.17 1.5 1.33 1.5 1.17 1.33 1.17 1.5 1.17 1.33 1.33 1.67 1.33 2 1.83 2.17 1
1.33 1.67 1.17 1.5 1.33 1.33 1.17 1.33 1.5 1.83 1.17 1.33 1.33 1.67 1.17 1.83 1.83 2.33 1
1.5 1.83 1.33 1.5 1.17 1.83 1.17 1.33 1.5 2 1.17 1.33 1.33 1.5 1.33 1.83 1.83 2.17 0
1.33 1.83 1.33 1.5 1.17 1.33 1.17 1.5 1.5 1.83 1.17 1.33 1.33 1.67 1.17 1.83 2 2.17 0
1.17 1.83 1.17 1.33 1.17 1.33 1.17 1.33 1.5 1.67 1.17 1.33 1.33 1.5 1.17 1.83 1.83 2 1
1.33 1.83 1.17 1.17 1.17 1.33 1.17 1.33 1.5 1.67 1.17 1.17 1.17 1.5 1.17 1.33 1.33 1.5 1
1.5 2 1.17 1.5 1.17 1.5 1.17 1.33 1.5 1.83 1.17 1.5 1.33 1.5 1.17 2 2.33 3.67 1
1.33 2 1.17 1.5 1.33 1.5 1.17 1.33 1.67 2 1.17 1.33 1.5 1.5 1.17 2.17 2 2.17 1
1.5 1.83 1.33 1.5 1.33 1.33 1.33 1.5 1.67 2.17 1.33 1.5 1.33 1.67 1.17 2.17 2 2.17 1
1.67 1.83 1.33 1.5 1.17 1.5 1.33 1.5 1.67 2 1.33 1.5 1.5 1.67 1.33 1.83 2.17 2.17 0
1.83 2.17 1.67 1.83 1.5 1.67 1.67 1.83 2 2 1.67 1.83 1.83 2 1.5 2.17 2.33 2.67 0
1.67 2 1.33 1.67 1.33 1.67 1.5 1.5 1.67 2 1.33 1.5 1.67 1.83 1.5 2.17 2.17 2.33 1
2 2.5 2 2 2 2 1.83 2 2.17 2.5 2 2 2.17 2.33 2 2 2.17 2.33 1
1.67 2.17 1.5 1.67 1.67 1.83 1.67 1.83 1.83 2.5 1.67 1.83 1.67 2 1.67 2.17 2.17 2.5 1
1.67 2 1.5 1.67 1.5 1.83 1.5 1.83 1.83 2 1.5 1.67 2 2.17 2 2.17 2.33 2.5 1
1.83 2.17 1.5 1.67 1.5 1.67 1.5 1.67 1.83 2 1.5 1.83 1.67 2 1.5 2.17 2.17 2.33 1
1.67 2.17 1.67 1.83 1.5 1.67 1.67 2 2 2.17 1.5 1.83 1.83 2 1.67 2.33 2.33 2.5 0
1.67 2.17 1.33 1.83 1.5 1.67 1.33 1.5 2 2 1.5 1.5 1.67 2 1.5 2.17 2.17 2.33 0
1.5 2 1.5 1.5 1.5 1.5 1.5 1.5 1.67 2 1.5 1.5 1.67 2 1.5 2 2 2.33 1
1.5 2 1.5 1.67 1.33 1.5 1.5 1.67 1.83 2 1.33 1.5 1.5 1.83 1.33 1.67 1.5 1.83 1
2 2.5 1.83 2 1.83 2.17 1.83 2 2.17 2.5 1.83 2.33 2 2.33 2 2.5 2.5 3 1
2 2.33 1.83 2.17 1.83 2 1.83 2.17 2.33 2.5 1.83 2.33 2 2.33 2 2.5 2.5 2.83 1
2.33 2.83 2.33 2.33 2.17 2.5 2.33 2.67 2.5 3 2.17 2.33 2.5 2.67 2.17 3 2.67 3.17 1
2 2.5 1.83 2 1.67 2 1.67 2 1.83 1.83 1.67 1.83 2 2.17 1.83 2.33 2.5 2.67 0
2 2.5 1.83 2 1.83 1.83 1.83 2.17 1.83 1.83 1.67 1.83 2 2.67 1.83 2.33 2.5 2.67 0
2.17 2.33 2 2.17 1.83 2 1.83 2 1.83 2 1.83 2 2 2.5 2 2.5 2.67 2.83 1
2.17 2.5 2 2 2 2.17 2 2.17 2 2 2 2.17 2.17 2.5 2 2 2 2.33 1
2.67 2.83 2.17 2.33 2.33 2.5 2.33 2.67 2.33 2.5 2.33 2.5 2.5 2.83 2.17 2.83 3 3.17 1
2.5 3.17 2.5 2.67 2.5 2.5 2.33 2.83 2.5 2.67 2.33 2.5 2.67 2.83 2.83 3.17 3.17 3.33 1
2.17 2.5 1.83 2 1.83 1.83 1.83 2.17 1.83 2 2 2 2.17 2.67 2 2.67 2.5 2.67 0
3 3.83 3.17 3.33 3.17 3.5 3 3.17 3.17 3.17 3 3.5 3.33 3.67 3.17 3.83 3.83 4.33 0
2.5 3.17 2.5 2.67 2.5 2.5 2.33 2.67 2.33 2.5 2.33 2.67 2.5 2.83 2.5 3 3 3.5 1
2.83 3.17 2.83 2.83 2.67 2.83 2.83 2.83 2.67 2.83 2.67 2.83 3 3.17 2.67 2.83 2.83 3.17 1
0.5 1 0.17 0.33 0.33 0.33 0.17 0.67 0.33 0.5 0.33 0.33 0.5 0.83 0.33 1 0.83 1 1
0.83 1.17 0.67 0.67 0.5 0.67 0.5 0.83 0.5 0.67 0.5 0.67 0.67 1.33 0.5 1.17 1.17 1.5 1
0.67 0.83 0.33 0.33 0.17 0.67 0.33 0.83 0.17 0.33 0.33 0.5 0.5 0.83 0.33 1 1 1.17 1
1.5 1.83 1.33 1.33 1.33 1.5 1.17 1.33 1.33 1.5 1.17 1.33 1.5 1.67 1.33 1.83 2 2.33 0
0.83 1.17 0.5 1.5 1.5 1.5 1.5 1.5 1.5 1.83 1.5 1.5 1.67 2.17 1.5 2.17 2 2.17 0
0.67 1 0.5 0.67 0.33 0.5 0.5 0.67 0.33 0.5 0.33 0.5 0.67 0.83 0.5 1.17 1 1.5 1
0.33 1 0.33 0.67 0.33 0.5 0.33 0.5 0.33 0.5 0.33 0.5 0.5 0.83 0.33 0.5 0.33 0.83 1
0.5 0.83 0.17 0.5 0.17 0.33 0.33 0.5 0.33 0.5 0.17 0.33 0.33 0.67 0.5 0.83 0.83 1 1
0.67 0.83 0.17 0.33 0.17 0.67 0.17 0.33 0.17 0.33 0.17 0.5 0.33 0.83 0.33 1.17 0.83 1.33 1
1.33 1.83 1.33 1.5 1.33 1.33 1.17 1.33 1.17 1.5 1.17 1.33 1.33 1.83 1.33 2 1.83 2 1
0.33 1 0.17 1.67 5 5.33 0.33 5 0.17 0.33 0.17 0.33 0.33 0.83 0.33 1 1 1.33 0
0.33 0.33 0.17 0.5 0.17 0.5 0.33 0.5 0.17 0.5 0.33 0.5 0.5 0.83 0.33 1 1 1.17 0
0.17 0.33 0.33 0.5 0.17 0.33 0.33 0.33 0.17 0.33 0.17 0.33 0.33 0.83 0.17 1 0.83 1 1
0.17 0.33 0.17 0.33 0.17 0.33 0.17 0.33 0.17 0.33 0.17 0.33 0.5 0.67 0.17 0.33 0.17 0.33 1
0.33 0.5 0.33 0.67 0.33 0.5 0.33 0.5 0.33 0.5 0.33 0.5 0.5 0.83 0.5 1.17 1 1.17 1
0.5 0.5 0.33 0.67 0.33 0.5 0.5 0.67 0.33 0.5 0.5 0.67 0.67 0.83 0.33 1 1 1.5 1
0.33 0.5 0.33 0.5 0.33 0.5 0.17 0.33 0.5 1.33 0.17 0.5 0.67 0.83 0.33 1 0.83 1 1
0.5 0.5 0.17 0.33 0.17 0.5 0.17 0.33 0.5 1 0.17 0.33 0.33 1 0.33 0.83 1 1 0
0.5 0.83 0.5 0.67 0.5 0.67 0.5 0.67 0.83 1.33 0.5 0.67 0.67 1.17 0.67 1.33 1.17 1.17 0
0.67 0.83 0.67 0.83 0.83 1 0.67 0.83 0.67 1 0.67 1 0.83 1.67 0.83 1 1 1.33 1
0.67 0.83 0.67 0.67 0.67 0.67 0.67 1 0.67 1 0.5 0.67 0.5 1.67 0.33 0.5 0.5 1 1
0.5 5.5 5.17 5.33 5.17 5.33 5.17 5.5 0.33 3.17 0.33 0.5 0.5 1.17 0.33 0.5 0.5 0.83 1
0.67 1.17 0.67 0.83 0.67 1 0.83 1 0.67 1 0.67 0.83 0.83 1.83 0.83 1 1 1.67 1
1.17 1.33 1.33 1.5 1.17 1.33 1.17 1.33 1.5 2.17 1.33 1.5 1.17 1.5 1.33 1.5 1.33 1.83 0
0.17 0.67 0.17 0.33 0.17 0.5 0.17 0.33 0.17 1.17 0.17 0.5 0.17 0.33 0.17 0.5 0.33 0.67 0
0.17 0.5 0.17 0.33 0.17 0.33 0.17 0.33 0.33 1.17 0.17 0.33 0.17 0.33 0.17 0.5 0.5 0.67 1
0.33 0.33 0.17 0.33 0.17 0.33 0.17 0.33 0.33 1.17 0.17 0.5 0.33 0.5 0.33 0.33 0.33 0.67 1
0.5 1 0.33 0.5 0.33 0.5 0.33 0.5 0.5 1.33 0.67 1 0.67 0.83 0.33 0.67 0.5 0.83 1
0.5 0.67 0.33 0.33 0.17 0.33 0.33 0.67 0.33 1.33 0.17 0.5 0.33 0.5 0.33 0.67 0.33 1 1
0.33 0.33 0.33 0.5 0.33 0.5 0.17 0.33 0.5 1.17 0.33 0.5 0.5 0.5 0.33 0.5 0.5 0.67 1
0.67 0.67 0.5 0.67 0.5 0.67 0.5 0.67 0.67 1.5 0.5 0.67 0.5 0.67 0.5 0.67 0.67 1.17 0
0.17 0.33 0.17 0.33 0.17 0.33 0.17 0.33 0.17 1 0.17 0.33 0.17 0.33 0.17 0.33 0.33 0.67 0
0.17 0.33 0.33 0.33 0.17 0.33 0.17 0.33 0.33 1.17 0.33 0.33 0.17 0.5 0.17 0.33 0.5 0.67 1
0.33 0.33 0.17 0.33 0.17 0.33 0.17 0.33 0.17 1.33 0.17 0.33 0.17 0.33 0.17 0.33 0.33 0.67 1
0.17 0.5 0.33 0.33 0.17 0.5 0.17 0.33 0.33 1 0.33 0.33 0.17 0.33 0.17 0.33 0.33 0.67 1
0.33 0.67 0.33 0.33 0.33 0.33 0.33 0.5 0.17 1 0.33 0.67 0.33 0.5 0.17 0.33 0.5 1 1
0.33 0.67 0.33 0.33 0.17 0.5 0.17 0.33 0.17 1.33 0.17 0.33 0.33 0.33 0.33 0.5 0.5 0.83 1
0.5 0.67 0.5 0.67 0.5 0.83 0.5 0.5 0.83 1.5 0.67 0.83 0.83 0.83 0.5 0.5 0.67 0.83 0
0.33 0.67 0.17 0.5 0.33 0.67 0.17 0.33 0.33 1.33 0.33 0.33 0.17 0.33 0.17 1 0.67 0.83 0
0.33 0.33 0.17 0.5 0.33 0.33 0.17 0.33 0.17 1 0.33 0.33 0.17 0.33 0.17 0.33 0.5 0.67 1
0.17 0.33 0.33 0.33 0.17 0.33 0.17 0.33 0.17 1 0.33 0.33 0.17 0.33 0.17 0.33 0.5 0.67 1
0.83 1 0.83 0.83 0.67 0.67 0.67 0.83 0.67 1.5 0.67 0.83 0.5 0.83 0.67 1.17 0.83 1.17 1
0.67 0.67 0.5 0.67 0.5 0.67 0.5 0.67 0.67 1.33 0.5 0.67 0.67 0.83 0.5 0.67 1 1 1
0.5 0.83 0.5 0.67 0.5 0.67 0.5 0.67 0.5 1.33 0.5 0.83 0.67 0.83 0.5 0.67 0.5 1 1
1.17 1.33 1 1.33 1.17 1.17 1 1.17 1.17 1.5 1 1.17 1 1.17 1 1.17 1 1.67 0
0.67 0.83 0.67 0.83 0.67 0.67 0.67 0.83 0.83 1.83 1 1.17 0.83 1 0.67 0.83 0.83 1.17 0
0.5 0.83 0.33 0.67 0.5 0.5 0.5 0.5 0.67 1.5 0.5 0.67 0.5 0.5 0.5 0.5 0.67 0.83 1
0.33 0.5 0.33 0.5 0.33 0.5 0.33 0.5 0.33 0.5 0.33 0.5 0.33 0.5 0.33 0.5 0.67 1 1
0.5 0.83 0.5 0.67 0.5 0.5 0.5 0.67 0.67 1.17 0.67 0.67 0.67 1 0.67 0.67 0.83 1.17 1
0.5 0.83 0.33 0.5 0.33 0.33 0.33 0.5 0.33 1.17 0.33 0.5 0.33 0.5 0.33 0.33 0.5 0.83 1
0.33 0.67 0.33 0.33 0.33 0.33 0.17 0.33 0.33 1.17 0.33 0.33 0.17 0.67 0.17 0.33 0.5 0.83 1
0.5 0.67 0.5 0.83 0.5 0.67 0.5 0.5 0.5 1.33 0.5 0.5 0.5 0.83 0.5 0.5 0.67 1 0
1.17 1.5 1.17 1.67 1.17 2 1.17 1.17 1.33 1.83 1.17 1.33 1.17 1.5 1.17 1.33 1.33 1.83 0
0.17 0.33 0.17 0.33 0.17 0.33 0.17 0.17 0.33 1 0.17 0.17 0.17 0.33 0.17 0.33 0.33 0.67 1
1.17 1.67 1 1.17 0.83 1.17 0.83 1 1.17 1.83 1 1.17 1 1.17 0.83 1.17 0.83 1.33 1
0.67 1.17 0.5 0.67 0.17 0.33 0.17 0.5 0.17 1.17 0.17 0.5 0.33 0.33 0.17 0.5 0.67 0.83 1
0.33 0.5 0.17 0.5 0.17 0.67 0.17 0.5 0.33 1.17 0.17 0.5 0.33 0.5 0.33 0.33 0.5 0.83 1
0.33 0.67 0.33 0.5 0.17 0.33 0.17 0.5 0.33 1.33 0.33 0.67 0.5 0.5 0.33 0.5 0.5 0.83 0
0.33 0.67 0.5 0.5 0.33 0.33 0.33 0.5 0.33 1 0.33 0.5 0.33 0.5 0.33 0.33 0.5 1 0
0.33 0.5 0.17 0.5 0.17 0.33 0.17 0.5 0.33 1.33 0.33 0.33 0.33 0.33 0.17 0.5 0.5 0.67 1
0.33 0.5 0.33 0.5 0.17 0.33 0.17 0.5 0.17 1.17 0.17 0.33 0.33 0.33 0.33 0.67 0.33 0.83 1
0.33 0.5 1 1.5 0.33 0.5 0.33 0.67 0.33 1.17 0.33 0.5 0.17 0.5 0.33 0.33 0.67 0.83 1
0.5 1 0.5 0.67 0.33 0.5 0.5 0.67 0.33 1.5 0.67 1 0.5 0.83 0.33 0.5 0.5 1 1
0.67 1.5 0.67 1.33 0.5 1 0.5 0.83 0.5 1.33 0.17 0.33 0.33 0.5 0.17 0.33 0.5 0.83 1
1 1.33 1 1.17 1 1.17 0.83 1.17 1 2 0.83 1.17 1 1.67 0.83 1.33 1.17 1.33 0
0.33 0.5 0.33 0.5 0.33 0.5 0.17 0.83 1.17 1.17 0.17 0.33 0.33 0.5 0.33 0.5 0.5 0.67 0
0.17 0.33 0.33 0.33 0.33 0.33 0.17 0.33 0.5 1 0.17 0.33 0.17 0.33 0.17 0.33 0.5 0.67 1
0.17 0.33 0.33 0.5 0.17 0.33 0.17 0.33 0.17 1.17 0.17 0.5 0.17 0.33 0.17 0.33 0.5 0.67 1
0.67 0.83 0.67 1.17 0.67 1.33 0.5 0.5 0.67 1.67 0.5 0.67 0.67 0.83 0.5 0.67 0.67 1.17 1
0.67 1.17 0.5 1 0.17 0.33 0.17 0.5 0.33 1.17 0.17 0.5 0.17 0.33 0.17 0.33 0.5 0.67 1
0.67 1.33 0.17 0.83 0.33 0.33 0.17 0.33 0.33 1.17 0.17 0.5 0.33 0.5 0.33 0.33 0.5 0.83 1
0.5 1.17 0.33 0.67 0.33 0.5 0.17 0.33 0.33 1.17 0.33 0.67 0.33 0.5 0.33 0.5 0.5 0.67 0
0.33 0.83 0.67 1.17 0.17 0.5 0.17 0.5 0.5 1.17 0.17 0.33 0.17 0.5 0.33 0.33 0.33 1 0
0.33 0.83 0.33 0.67 0.17 0.33 0.17 0.33 0.17 1 0.33 0.33 0.17 0.33 0.33 0.33 0.33 0.67 1
0.17 0.33 0.17 0.33 0.17 0.33 0.17 0.5 0.33 1 0.17 0.67 0.17 0.5 0.33 0.67 0.5 0.67 1
0.67 1.33 0.33 0.67 0.33 0.33 0.33 0.5 0.5 1.17 0.17 0.5 0.33 0.67 0.17 0.67 0.5 0.83 1
0.67 1 0.67 1.17 0.33 0.83 0.5 0.67 0.83 1.5 0.33 0.83 0.33 0.83 0.5 0.5 0.67 1 1
0.5 1 0.33 1.17 0.33 0.5 0.33 0.67 0.67 1.33 0.33 0.5 0.33 0.67 0.33 0.5 0.67 1.67 1
0.33 1 0.67 1.33 0.33 0.33 0.5 0.67 0.33 1.17 0.33 0.83 0.33 1.17 0.33 0.67 0.5 0.83 0
0.5 1 0.33 1 0.5 0.5 0.5 0.67 0.5 1.33 0.5 0.83 0.5 0.67 0.5 0.5 0.67 0.83 0
0.33 1 0.83 1.33 0.67 0.83 0.67 0.83 0.67 1.5 0.67 0.83 0.67 0.83 0.67 0.83 0.83 1.17 1
